Instance:    Vehicle capacity H=420; Coordinate of the starting point: (-5, 10)
Coordinate of the final returning point: (-5, 10)
1：
Garbage Locations =[(-5,10),(33.2,9.9),(35.2,20.5),(39.9,34.0),(51.4,-1.1),(-9.3,8.9),(30,10),(33,13)]
Garbage Demand = [0,100,120,210,146,52,211,351]

2：
Garbage Locations=[(-5,10),(39.9,34.0),(30,10),(33,13),(17.4,13.6),(20,3.6),(33.4,-11.6),(64.6,14.0)]
Garbage Demand = [0,287,128,120,122,145,280,170]

3：
Garbage Locations=[(-5,10),(6.8,-10.6),(39.9,34.0),(0,0),(33,13),(51.4,-1.1),(20,3.6),(33.4,-11.6),(64.6,14.0)]
Garbage Demand = [0,150,87,128,120,102,305,129,170]

4：
Garbage Locations=[(-5,10),(6.8,-10.6),(39.9,34.0),(0,0),(17.4,13.6),(51.4,-1.1),(20,3.6),(33.4,-11.6),(50,20),(64.6,14.0)]
Garbage Demand = [0,120,77,148,120,142,201,109,160,165]

5：
Garbage Locations=[(-5,10),(6.8,-10.6),(39.9,34.0),(0,0),(17.4,13.6),(51.4,-1.1),(20,3.6),(33.4,-11.6),(50,20),(64.6,14.0),(30,10)]
Garbage Demand = [0,150,177,88,78,172,201,278,140,152,180]

6:
Garbage Locations=[(-5,10),(6.8,-10.6),(39.9,34.0),(0,0),(17.4,13.6),(51.4,-1.1),(20,3.6),(33.4,-11.6),(50,20),(64.6,14.0),(30,10),(33.2,9.9),(33,13)]
Garbage Demand = [0,140,157,100,88,170,101,200,140,150,100,141,153]

7: 
Garbage Locations=[(-5,10),(6.8,-10.6),(39.9,34.0),(0,0),(17.4,13.6),(51.4,-1.1),(20,3.6),(33.4,-11.6),(50,20),(64.6,14.0),(30,10),(33.2,9.9),(33,13),(35.2,20.5)]
Garbage Demand = [0,80,125,110,156,170,101,170,140,180,179,241,233,188]



Note: The coordinates of the garbage locations include the coordinate of the starting point