1685692948.942592 2.99560618401 -4.24273872375 0.0
1685692948.975592 2.99793148041 -4.24840545654 0.0
1685692949.009592 3.00019049644 -4.25390768051 0.0
1685692949.060592 3.00247049332 -4.25945615768 0.0
1685692949.076592 3.00469732285 -4.26486206055 0.0
1685692949.152592 3.01005482674 -4.27760076523 0.0
1685692949.186592 3.01243257523 -4.28310775757 0.0
1685692949.219592 3.01479291916 -4.28848457336 0.0
1685692949.274592 3.01893472672 -4.29772281647 0.0
1685692949.308592 3.02141189575 -4.30313062668 0.0
1685692949.341592 3.02392220497 -4.30852270126 0.0
1685692949.390592 3.02771544456 -4.31652832031 0.0
1685692949.423592 3.03029513359 -4.32188796997 0.0
1685692949.460592 3.0332159996 -4.32786941528 0.0
1685692949.493592 3.03585886955 -4.33319807053 0.0
1685692949.531592 3.03900837898 -4.33943367004 0.0
1685692949.565592 3.04175448418 -4.34476661682 0.0
1685692949.598592 3.04444074631 -4.34990262985 0.0
1685692949.631592 3.04726338387 -4.35522413254 0.0
1685692949.664592 3.05007743835 -4.36046409607 0.0
1685692949.697592 3.0519900322 -4.36397600174 0.0
1685692949.730592 3.05252814293 -4.36495113373 0.0
1685692949.795933 3.05256509781 -4.36501741409 0.0
1685692949.828933 3.05254030228 -4.36497306824 0.0
1685692949.878933 3.0526638031 -4.36519384384 0.0
1685692949.912933 3.05277514458 -4.36539268494 0.0
1685692949.966933 3.05260181427 -4.36508369446 0.0
1685692950.000933 3.05261421204 -4.36510562897 0.0
1685692950.096933 3.05265140533 -4.36517190933 0.0
1685692950.130933 3.05265140533 -4.36517190933 0.0
1685692950.199933 3.0526638031 -4.36519384384 0.0
1685692950.233933 3.05265140533 -4.36517190933 0.0
1685692950.272933 3.0526638031 -4.36519384384 0.0
1685692950.306933 3.05265140533 -4.36517190933 0.0
1685692950.373933 3.05265140533 -4.36517190933 0.0
1685692950.379933 3.05265140533 -4.36517190933 0.0
1685692950.412933 3.0526638031 -4.36519384384 0.0
1685692950.456933 3.0526638031 -4.36519384384 0.0
1685692950.489933 3.05265140533 -4.36517190933 0.0
1685692950.542933 3.05265140533 -4.36517190933 0.0
1685692950.575933 3.0526638031 -4.36519384384 0.0
1685692950.618933 3.0526638031 -4.36519384384 0.0
1685692950.651933 3.0526638031 -4.36519384384 0.0
1685692950.713933 3.05265140533 -4.36517190933 0.0
1685692950.746933 3.05265140533 -4.36517190933 0.0
1685692950.795933 3.0526638031 -4.36519384384 0.0
1685692950.829933 3.05265140533 -4.36517190933 0.0
1685692950.881933 3.0526638031 -4.36519384384 0.0
1685692950.915933 3.0526638031 -4.36519384384 0.0
1685692950.950933 3.0526638031 -4.36519384384 0.0
1685692950.984933 3.0526638031 -4.36519384384 0.0
1685692951.034933 3.05265140533 -4.36517190933 0.0
1685692951.067933 3.0526638031 -4.36519384384 0.0
1685692951.108933 3.0526638031 -4.36519384384 0.0
1685692951.142933 3.0526638031 -4.36519384384 0.0
1685692951.184933 3.0526638031 -4.36519384384 0.0
1685692951.218933 3.0526638031 -4.36519384384 0.0
1685692951.288933 3.0526638031 -4.36519384384 0.0
1685692951.321933 3.0526638031 -4.36519384384 0.0
1685692951.375933 3.0526638031 -4.36519384384 0.0
1685692951.408933 3.0526638031 -4.36519384384 0.0
1685692951.450933 3.0526638031 -4.36519384384 0.0
1685692951.483933 3.0526638031 -4.36519384384 0.0
1685692951.536933 3.0526638031 -4.36519384384 0.0
1685692951.569933 3.0526638031 -4.36519384384 0.0
1685692951.610933 3.0526638031 -4.36519384384 0.0
1685692951.644933 3.0526638031 -4.36519384384 0.0
1685692951.687933 3.0526638031 -4.36519384384 0.0
1685692951.721933 3.0526638031 -4.36519384384 0.0
1685692951.769933 3.0526638031 -4.36519384384 0.0
1685692951.803933 3.0526638031 -4.36519384384 0.0
1685692951.836933 3.0526638031 -4.36519384384 0.0
1685692951.871933 3.0526638031 -4.36519384384 0.0
1685692951.905933 3.0526638031 -4.36519384384 0.0
1685692951.947933 3.0526638031 -4.36519384384 0.0
1685692951.980933 3.0526638031 -4.36519384384 0.0
1685692952.013933 3.0526638031 -4.36519384384 0.0
1685692952.062933 3.05265140533 -4.36517190933 0.0
1685692952.096933 3.0526638031 -4.36519384384 0.0
1685692952.137933 3.0526638031 -4.36519384384 0.0
1685692952.170933 3.0526638031 -4.36519384384 0.0
1685692952.203933 3.0526638031 -4.36519384384 0.0
1685692952.237933 3.0526638031 -4.36519384384 0.0
1685692952.270933 3.0526638031 -4.36519384384 0.0
1685692952.300138 3.0526638031 -4.36519384384 0.0
1685692952.333138 3.0526638031 -4.36519384384 0.0
1685692952.385138 3.0526638031 -4.36519384384 0.0
1685692952.419138 3.0526638031 -4.36519384384 0.0
1685692952.464138 3.0526638031 -4.36519384384 0.0
1685692952.498138 3.0526638031 -4.36519384384 0.0
1685692952.542138 3.0526638031 -4.36519384384 0.0
1685692952.576138 3.0526638031 -4.36519384384 0.0
1685692952.609138 3.0526638031 -4.36519384384 0.0
1685692952.642138 3.0526638031 -4.36519384384 0.0
1685692952.675138 3.0526638031 -4.36519384384 0.0
1685692952.725138 3.05267620087 -4.36521577835 0.0
1685692952.758138 3.0526638031 -4.36519384384 0.0
1685692952.791138 3.0526638031 -4.36519384384 0.0
1685692952.829138 3.0526638031 -4.36519384384 0.0
1685692952.863138 3.0526638031 -4.36519384384 0.0
1685692952.921138 3.0526638031 -4.36519384384 0.0
1685692952.954138 3.05267620087 -4.36521577835 0.0
1685692952.993138 3.0526638031 -4.36519384384 0.0
1685692953.026138 3.0526638031 -4.36519384384 0.0
1685692953.075138 3.0526638031 -4.36519384384 0.0
1685692953.109138 3.0526638031 -4.36519384384 0.0
1685692953.157138 3.0526638031 -4.36519384384 0.0
1685692953.191138 3.0526638031 -4.36519384384 0.0
1685692953.253138 3.0526638031 -4.36519384384 0.0
1685692953.286138 3.05267620087 -4.36521577835 0.0
1685692953.353138 3.0526638031 -4.36519384384 0.0
1685692953.387138 3.0526638031 -4.36519384384 0.0
1685692953.420138 3.0526638031 -4.36519384384 0.0
1685692953.454138 3.0526638031 -4.36519384384 0.0
1685692953.487138 3.0526638031 -4.36519384384 0.0
1685692953.547138 3.0526638031 -4.36519384384 0.0
1685692953.580138 3.05267620087 -4.36521577835 0.0
1685692953.628138 3.0526638031 -4.36519384384 0.0
1685692953.662138 3.0526638031 -4.36519384384 0.0
1685692953.704138 3.0526638031 -4.36519384384 0.0
1685692953.738138 3.0526638031 -4.36519384384 0.0
1685692953.785138 3.0526638031 -4.36519384384 0.0
1685692953.819138 3.0526638031 -4.36519384384 0.0
1685692953.852138 3.0526638031 -4.36519384384 0.0
1685692953.897138 3.0526638031 -4.36519384384 0.0
1685692953.931138 3.05267620087 -4.36521577835 0.0
1685692953.964138 3.0526638031 -4.36519384384 0.0
1685692953.998138 3.0526638031 -4.36519384384 0.0
1685692954.047138 3.05267620087 -4.36521577835 0.0
1685692954.080138 3.0526638031 -4.36519384384 0.0
1685692954.124138 3.0526638031 -4.36519384384 0.0
1685692954.158138 3.0526638031 -4.36519384384 0.0
1685692954.196138 3.0526638031 -4.36519384384 0.0
1685692954.230138 3.05265140533 -4.36517190933 0.0
1685692954.289138 3.0526638031 -4.36519384384 0.0
1685692954.322138 3.0526638031 -4.36519384384 0.0
1685692954.355138 3.05267620087 -4.36521577835 0.0
1685692954.393138 3.0526638031 -4.36519384384 0.0
1685692954.427138 3.0526638031 -4.36519384384 0.0
1685692954.460138 3.0526638031 -4.36519384384 0.0
1685692954.498138 3.0526638031 -4.36519384384 0.0
1685692954.532138 3.0526638031 -4.36519384384 0.0
1685692954.584138 3.0526638031 -4.36519384384 0.0
1685692954.618138 3.0526638031 -4.36519384384 0.0
1685692954.651138 3.05267620087 -4.36521577835 0.0
1685692954.688138 3.05267620087 -4.36521577835 0.0
1685692954.722138 3.0526638031 -4.36519384384 0.0
1685692954.778138 3.0526638031 -4.36519384384 0.0
1685692954.841731 3.05267620087 -4.36521577835 0.0
1685692954.874731 3.0526638031 -4.36519384384 0.0
1685692954.908731 3.0526638031 -4.36519384384 0.0
1685692954.941731 3.05267620087 -4.36521577835 0.0
1685692954.991731 3.0526638031 -4.36519384384 0.0
1685692955.024731 3.0526638031 -4.36519384384 0.0
1685692955.067731 3.0526638031 -4.36519384384 0.0
1685692955.101731 3.0526638031 -4.36519384384 0.0
1685692955.147731 3.05267620087 -4.36521577835 0.0
1685692955.181731 3.0526638031 -4.36519384384 0.0
1685692955.219731 3.0526638031 -4.36519384384 0.0
1685692955.253731 3.0526638031 -4.36519384384 0.0
1685692955.286731 3.0526638031 -4.36519384384 0.0
1685692955.318731 3.0526638031 -4.36519384384 0.0
1685692955.352731 3.0526638031 -4.36519384384 0.0
1685692955.416731 3.0526638031 -4.36519384384 0.0
1685692955.449731 3.0526638031 -4.36519384384 0.0
1685692955.486731 3.0526638031 -4.36519384384 0.0
1685692955.519731 3.05267620087 -4.36521577835 0.0
1685692955.565731 3.0526638031 -4.36519384384 0.0
1685692955.599731 3.0526638031 -4.36519384384 0.0
1685692955.632731 3.0526638031 -4.36519384384 0.0
1685692955.665731 3.05267620087 -4.36521577835 0.0
1685692955.698731 3.0526638031 -4.36519384384 0.0
1685692955.740731 3.0526638031 -4.36519384384 0.0
1685692955.773731 3.0526638031 -4.36519384384 0.0
1685692955.828731 3.0526638031 -4.36519384384 0.0
1685692955.861731 3.0526638031 -4.36519384384 0.0
1685692955.896731 3.05267620087 -4.36521577835 0.0
1685692955.929731 3.0526638031 -4.36519384384 0.0
1685692955.994731 3.05267620087 -4.36521577835 0.0
1685692956.027731 3.0526638031 -4.36519384384 0.0
1685692956.076731 3.0526638031 -4.36519384384 0.0
1685692956.110731 3.05267620087 -4.36521577835 0.0
1685692956.174731 3.05267620087 -4.36521577835 0.0
1685692956.208731 3.0526638031 -4.36519384384 0.0
1685692956.241731 3.05267620087 -4.36521577835 0.0
1685692956.302731 3.05267620087 -4.36521577835 0.0
1685692956.335731 3.05267620087 -4.36521577835 0.0
1685692956.396731 3.0526638031 -4.36519384384 0.0
1685692956.429731 3.05267620087 -4.36521577835 0.0
1685692956.482731 3.0526638031 -4.36519384384 0.0
1685692956.515731 3.0526638031 -4.36519384384 0.0
1685692956.549731 3.0526638031 -4.36519384384 0.0
1685692956.582731 3.0526638031 -4.36519384384 0.0
1685692956.615731 3.05267620087 -4.36521577835 0.0
1685692956.655731 3.05267620087 -4.36521577835 0.0
1685692956.689731 3.0526638031 -4.36519384384 0.0
1685692956.749731 3.0526638031 -4.36519384384 0.0
1685692956.783731 3.05267620087 -4.36521577835 0.0
1685692956.816731 3.0526638031 -4.36519384384 0.0
1685692956.850731 3.05267620087 -4.36521577835 0.0
1685692956.888731 3.05267620087 -4.36521577835 0.0
1685692956.922731 3.0526638031 -4.36519384384 0.0
1685692956.955731 3.05267620087 -4.36521577835 0.0
1685692956.988731 3.0526638031 -4.36519384384 0.0
1685692957.021731 3.0526638031 -4.36519384384 0.0
1685692957.055731 3.05267620087 -4.36521577835 0.0
1685692957.089731 3.0526638031 -4.36519384384 0.0
1685692957.122731 3.05267620087 -4.36521577835 0.0
1685692957.166731 3.05265140533 -4.3651714325 0.0
1685692957.200731 3.05267620087 -4.36521577835 0.0
1685692957.242731 3.05267620087 -4.36521577835 0.0
1685692957.276731 3.05267620087 -4.36521577835 0.0
1685692957.274516 3.05267620087 -4.36521577835 0.0
1685692957.320516 3.0526638031 -4.36519384384 0.0
1685692957.354516 3.0526638031 -4.36519384384 0.0
1685692957.396516 3.0526638031 -4.36519384384 0.0
1685692957.430516 3.05267620087 -4.36521577835 0.0
1685692957.463516 3.0526638031 -4.36519384384 0.0
1685692957.499516 3.05267620087 -4.36521577835 0.0
1685692957.532516 3.0526638031 -4.36519384384 0.0
1685692957.571516 3.05267620087 -4.36521577835 0.0
1685692957.605516 3.0526638031 -4.36519384384 0.0
1685692957.660516 3.0526638031 -4.36519384384 0.0
1685692957.693516 3.05267620087 -4.36521577835 0.0
1685692957.737516 3.05267620087 -4.36521577835 0.0
1685692957.771516 3.0526638031 -4.36519384384 0.0
1685692957.827516 3.05267620087 -4.36521577835 0.0
1685692957.861516 3.05267620087 -4.36521577835 0.0
1685692957.901516 3.0526638031 -4.36519384384 0.0
1685692957.935516 3.05267620087 -4.36521577835 0.0
1685692957.968516 3.05265140533 -4.3651714325 0.0
1685692958.014516 3.0526638031 -4.365193367 0.0
1685692958.048516 3.0526638031 -4.365193367 0.0
1685692958.085516 3.0526638031 -4.365193367 0.0
1685692958.118516 3.0526638031 -4.365193367 0.0
1685692958.165516 3.0526638031 -4.365193367 0.0
1685692958.198516 3.0526638031 -4.365193367 0.0
1685692958.236516 3.0526638031 -4.365193367 0.0
1685692958.269516 3.05267620087 -4.36521530151 0.0
1685692958.313516 3.0526638031 -4.365193367 0.0
1685692958.346516 3.0526638031 -4.365193367 0.0
1685692958.380516 3.05265140533 -4.3651714325 0.0
1685692958.413516 3.0526638031 -4.365193367 0.0
1685692958.455516 3.05267620087 -4.36521530151 0.0
1685692958.488516 3.0526638031 -4.365193367 0.0
1685692958.531516 3.05267620087 -4.36521530151 0.0
1685692958.564516 3.0526638031 -4.365193367 0.0
1685692958.597516 3.0526638031 -4.365193367 0.0
1685692958.635516 3.0526638031 -4.365193367 0.0
1685692958.669516 3.05267620087 -4.36521530151 0.0
1685692958.705516 3.0526638031 -4.365193367 0.0
1685692958.739516 3.0526638031 -4.365193367 0.0
1685692958.772516 3.0526638031 -4.365193367 0.0
1685692958.807516 3.0526638031 -4.365193367 0.0
1685692958.840516 3.05267620087 -4.36521530151 0.0
1685692958.885516 3.05267620087 -4.36521530151 0.0
1685692958.918516 3.0526638031 -4.365193367 0.0
1685692958.989516 3.0526638031 -4.365193367 0.0
1685692959.022516 3.0526638031 -4.365193367 0.0
1685692959.081516 3.0526638031 -4.365193367 0.0
1685692959.114516 3.05267620087 -4.36521530151 0.0
1685692959.169516 3.05267620087 -4.36521530151 0.0
1685692959.203516 3.0526638031 -4.365193367 0.0
1685692959.258516 3.0526638031 -4.365193367 0.0
1685692959.292516 3.0526638031 -4.365193367 0.0
1685692959.351516 3.0526638031 -4.365193367 0.0
1685692959.385516 3.05267620087 -4.36521530151 0.0
1685692959.473516 3.05267620087 -4.36521530151 0.0
1685692959.506516 3.05267620087 -4.36521530151 0.0
1685692959.552516 3.0526638031 -4.365193367 0.0
1685692959.586516 3.05267620087 -4.36521530151 0.0
1685692959.639516 3.0526638031 -4.365193367 0.0
1685692959.672516 3.0526638031 -4.365193367 0.0
1685692959.706516 3.05267620087 -4.36521530151 0.0
1685692959.739516 3.0526638031 -4.365193367 0.0
1685692959.825116 3.0526638031 -4.365193367 0.0
1685692959.858116 3.0526638031 -4.365193367 0.0
1685692959.924116 3.0526638031 -4.365193367 0.0
1685692959.957116 3.05267620087 -4.36521530151 0.0
1685692959.991116 3.0526638031 -4.365193367 0.0
1685692960.024116 3.05267620087 -4.36521530151 0.0
1685692960.069116 3.05267620087 -4.36521530151 0.0
1685692960.103116 3.0526638031 -4.365193367 0.0
1685692960.136116 3.05267620087 -4.36521530151 0.0
1685692960.170116 3.05267620087 -4.36521530151 0.0
1685692960.204116 3.0526638031 -4.365193367 0.0
1685692960.243116 3.05267620087 -4.36521530151 0.0
1685692960.277116 3.0526638031 -4.365193367 0.0
1685692960.310116 3.05267620087 -4.36521530151 0.0
1685692960.345116 3.0526638031 -4.365193367 0.0
1685692960.378116 3.05267620087 -4.36521530151 0.0
1685692960.415116 3.0526638031 -4.365193367 0.0
1685692960.448116 3.05267620087 -4.36521530151 0.0
1685692960.492116 3.05267620087 -4.36521530151 0.0
1685692960.526116 3.0526638031 -4.365193367 0.0
1685692960.559116 3.05267620087 -4.36521530151 0.0
1685692960.593116 3.05267620087 -4.36521530151 0.0
1685692960.627116 3.0526638031 -4.365193367 0.0
1685692960.700116 3.0526638031 -4.365193367 0.0
1685692960.734116 3.05267620087 -4.36521530151 0.0
1685692960.787116 3.05267620087 -4.36521530151 0.0
1685692960.820116 3.0526638031 -4.365193367 0.0
1685692960.857116 3.05267620087 -4.36521530151 0.0
1685692960.891116 3.0526638031 -4.365193367 0.0
1685692960.933116 3.05267620087 -4.36521530151 0.0
1685692960.966116 3.05267620087 -4.36521530151 0.0
1685692960.999116 3.05267620087 -4.36521530151 0.0
1685692961.033116 3.0526638031 -4.365193367 0.0
1685692961.066116 3.0526638031 -4.365193367 0.0
1685692961.107116 3.0526638031 -4.365193367 0.0
1685692961.141116 3.05267620087 -4.36521530151 0.0
1685692961.175116 3.05265140533 -4.3651714325 0.0
1685692961.208116 3.05267620087 -4.36521530151 0.0
1685692961.241116 3.0526638031 -4.365193367 0.0
1685692961.281116 3.05267620087 -4.36521530151 0.0
1685692961.315116 3.0526638031 -4.365193367 0.0
1685692961.359116 3.05267620087 -4.36521530151 0.0
1685692961.393116 3.05267620087 -4.36521530151 0.0
1685692961.426116 3.05267620087 -4.36521530151 0.0
1685692961.469116 3.0526638031 -4.365193367 0.0
1685692961.503116 3.05267620087 -4.36521530151 0.0
1685692961.562116 3.05267620087 -4.36521530151 0.0
1685692961.596116 3.0526638031 -4.365193367 0.0
1685692961.629116 3.05267620087 -4.36521530151 0.0
1685692961.663116 3.05267620087 -4.36521530151 0.0
1685692961.697116 3.05267620087 -4.36521530151 0.0
1685692961.732116 3.05267620087 -4.36521530151 0.0
1685692961.765116 3.05267620087 -4.36521530151 0.0
1685692961.813116 3.05267620087 -4.36521530151 0.0
1685692961.847116 3.05267620087 -4.36521530151 0.0
1685692961.889116 3.05267620087 -4.36521530151 0.0
1685692961.923116 3.05267620087 -4.36521530151 0.0
1685692961.958116 3.05267620087 -4.36521530151 0.0
1685692961.992116 3.05267620087 -4.36521530151 0.0
1685692962.035116 3.05267620087 -4.36521530151 0.0
1685692962.068116 3.05267620087 -4.36521530151 0.0
1685692962.136116 3.05267620087 -4.36521530151 0.0
1685692962.169116 3.05267620087 -4.36521530151 0.0
1685692962.217116 3.05267620087 -4.36521530151 0.0
1685692962.250116 3.05267620087 -4.36521530151 0.0
1685692962.296116 3.05267620087 -4.36521530151 0.0
1685692962.326992 3.05267620087 -4.36521530151 0.0
1685692962.389992 3.05267620087 -4.36521530151 0.0
1685692962.422992 3.05267620087 -4.36521530151 0.0
1685692962.455992 3.05267620087 -4.36521530151 0.0
1685692962.514992 3.0526638031 -4.365193367 0.0
1685692962.548992 3.05267620087 -4.36521530151 0.0
1685692962.591992 3.05267620087 -4.36521530151 0.0
1685692962.625992 3.05267620087 -4.36521530151 0.0
1685692962.681992 3.05267620087 -4.36521530151 0.0
1685692962.715992 3.05267620087 -4.36521530151 0.0
1685692962.748992 3.05267620087 -4.36521530151 0.0
1685692962.808992 3.05267620087 -4.36521530151 0.0
1685692962.814992 3.05267620087 -4.36521530151 0.0
1685692962.847992 3.05268859863 -4.36523723602 0.0
1685692962.884992 3.05267620087 -4.36521530151 0.0
1685692962.918992 3.05267620087 -4.36521530151 0.0
1685692962.951992 3.05267620087 -4.36521530151 0.0
1685692962.984992 3.05267620087 -4.36521530151 0.0
1685692963.018992 3.05267620087 -4.36521530151 0.0
1685692963.056992 3.05267620087 -4.36521530151 0.0
1685692963.089992 3.05267620087 -4.36521530151 0.0
1685692963.122992 3.05267620087 -4.36521530151 0.0
1685692963.165992 3.05267620087 -4.36521530151 0.0
1685692963.199992 3.05267620087 -4.36521530151 0.0
1685692963.244992 3.05267620087 -4.36521530151 0.0
1685692963.277992 3.05267620087 -4.36521530151 0.0
1685692963.317992 3.05267620087 -4.36521530151 0.0
1685692963.351992 3.05265116692 -4.3651714325 0.0
1685692963.395992 3.05267620087 -4.36521530151 0.0
1685692963.429992 3.05267620087 -4.36521530151 0.0
1685692963.474992 3.05267620087 -4.36521530151 0.0
1685692963.508992 3.05267620087 -4.36521530151 0.0
1685692963.574992 3.05267620087 -4.36521530151 0.0
1685692963.607992 3.05267620087 -4.36521530151 0.0
1685692963.640992 3.05267620087 -4.36521530151 0.0
1685692963.681992 3.05267620087 -4.36521530151 0.0
1685692963.714992 3.05267620087 -4.36521530151 0.0
1685692963.761992 3.05267620087 -4.36521530151 0.0
1685692963.794992 3.05267620087 -4.36521530151 0.0
1685692963.827992 3.05267620087 -4.36521530151 0.0
1685692963.865992 3.05267620087 -4.36521530151 0.0
1685692963.898992 3.05267620087 -4.36521530151 0.0
1685692963.945992 3.05267620087 -4.36521530151 0.0
1685692963.978992 3.05267620087 -4.36521530151 0.0
1685692964.014992 3.05267620087 -4.36521530151 0.0
1685692964.048992 3.05267620087 -4.36521530151 0.0
1685692964.080992 3.05267620087 -4.36521530151 0.0
1685692964.114992 3.05267620087 -4.36521530151 0.0
1685692964.154992 3.05267620087 -4.36521530151 0.0
1685692964.187992 3.05267620087 -4.36521530151 0.0
1685692964.220992 3.05267620087 -4.36521530151 0.0
1685692964.253992 3.05267620087 -4.36521530151 0.0
1685692964.286992 3.05267620087 -4.36521530151 0.0
1685692964.319992 3.05267620087 -4.36521530151 0.0
1685692964.352992 3.05267620087 -4.36521530151 0.0
1685692964.385992 3.05267620087 -4.36521530151 0.0
1685692964.417992 3.05267620087 -4.36521530151 0.0
1685692964.451992 3.05267620087 -4.36521530151 0.0
1685692964.484992 3.05267620087 -4.36521530151 0.0
1685692964.519992 3.05267620087 -4.36521530151 0.0
1685692964.553992 3.05267620087 -4.36521530151 0.0
1685692964.610992 3.05267620087 -4.36521530151 0.0
1685692964.644992 3.05267620087 -4.36521530151 0.0
1685692964.677992 3.05267620087 -4.36521530151 0.0
1685692964.717992 3.05267620087 -4.36521530151 0.0
1685692964.750992 3.05267620087 -4.36521530151 0.0
1685692964.783992 3.05267620087 -4.36521530151 0.0
1685692964.792316 3.05267620087 -4.36521530151 0.0
1685692964.844316 3.05267620087 -4.36521530151 0.0
1685692964.877316 3.05267620087 -4.36521530151 0.0
1685692964.910316 3.05267620087 -4.36521530151 0.0
1685692964.946316 3.05267620087 -4.36521530151 0.0
1685692964.979316 3.05268859863 -4.36523723602 0.0
1685692965.015316 3.05267620087 -4.36521530151 0.0
1685692965.049316 3.05267620087 -4.36521530151 0.0
1685692965.136316 3.05267620087 -4.36521530151 0.0
1685692965.169316 3.05267620087 -4.36521530151 0.0
1685692965.246316 3.0526638031 -4.365193367 0.0
1685692965.279316 3.05268883705 -4.36523723602 0.0
1685692965.353316 3.05267643929 -4.36521530151 0.0
1685692965.386316 3.05267643929 -4.36521530151 0.0
1685692965.437316 3.05267643929 -4.36521530151 0.0
1685692965.470316 3.05267643929 -4.36521530151 0.0
1685692965.514316 3.05267643929 -4.36521530151 0.0
1685692965.548316 3.05267643929 -4.36521530151 0.0
1685692965.581316 3.05267643929 -4.36521530151 0.0
1685692965.631316 3.05267643929 -4.36521530151 0.0
1685692965.664316 3.05268883705 -4.36523723602 0.0
1685692965.720316 3.05267643929 -4.36521530151 0.0
1685692965.754316 3.05267643929 -4.36521530151 0.0
1685692965.803316 3.05267643929 -4.36521530151 0.0
1685692965.837316 3.05267643929 -4.36521530151 0.0
1685692965.898316 3.05267643929 -4.36521530151 0.0
1685692965.932316 3.05266404152 -4.365193367 0.0
1685692965.989316 3.05268907547 -4.36523723602 0.0
1685692966.022316 3.0526766777 -4.36521530151 0.0
1685692966.055316 3.0526766777 -4.36521530151 0.0
1685692966.088316 3.0526766777 -4.36521530151 0.0
1685692966.122316 3.0526766777 -4.36521530151 0.0
1685692966.175316 3.0526766777 -4.36521530151 0.0
1685692966.208316 3.0526766777 -4.36521530151 0.0
1685692966.246316 3.05266427994 -4.365193367 0.0
1685692966.279316 3.0526766777 -4.36521530151 0.0
1685692966.337316 3.0526766777 -4.36521530151 0.0
1685692966.345316 3.0526766777 -4.36521530151 0.0
1685692966.378316 3.0526766777 -4.36521530151 0.0
1685692966.416316 3.0526766777 -4.36521530151 0.0
1685692966.449316 3.0526766777 -4.36521530151 0.0
1685692966.482316 3.0526766777 -4.36521530151 0.0
1685692966.515316 3.0526766777 -4.36521530151 0.0
1685692966.548316 3.05268907547 -4.36523723602 0.0
1685692966.593316 3.0526766777 -4.36521530151 0.0
1685692966.626316 3.0526766777 -4.36521530151 0.0
1685692966.680316 3.0526766777 -4.36521530151 0.0
1685692966.713316 3.0526766777 -4.36521530151 0.0
1685692966.777316 3.0526766777 -4.36521530151 0.0
1685692966.810316 3.0526766777 -4.36521530151 0.0
1685692966.868316 3.0526766777 -4.36521530151 0.0
1685692966.902316 3.0526766777 -4.36521530151 0.0
1685692966.935316 3.05268907547 -4.36523723602 0.0
1685692966.972316 3.05268907547 -4.36523723602 0.0
1685692967.006316 3.0526766777 -4.36521530151 0.0
1685692967.047316 3.0526766777 -4.36521530151 0.0
1685692967.080316 3.05268907547 -4.36523723602 0.0
1685692967.113316 3.05268907547 -4.36523723602 0.0
1685692967.146316 3.0526766777 -4.36521530151 0.0
1685692967.179316 3.0526766777 -4.36521530151 0.0
1685692967.212316 3.05268907547 -4.36523723602 0.0
1685692967.245316 3.0526766777 -4.36521530151 0.0
1685692967.278316 3.0526766777 -4.36521530151 0.0
1685692967.356717 3.0526766777 -4.36521530151 0.0
1685692967.389717 3.0526766777 -4.36521530151 0.0
1685692967.422717 3.05268907547 -4.36523723602 0.0
1685692967.466717 3.0526766777 -4.36521530151 0.0
1685692967.499717 3.05268907547 -4.36523723602 0.0
1685692967.546717 3.0526766777 -4.36521530151 0.0
1685692967.579717 3.05268907547 -4.36523723602 0.0
1685692967.612717 3.0526766777 -4.36521530151 0.0
1685692967.645717 3.0526766777 -4.36521530151 0.0
1685692967.678717 3.05268907547 -4.36523723602 0.0
1685692967.711717 3.05268907547 -4.36523723602 0.0
1685692967.748717 3.0526766777 -4.36521530151 0.0
1685692967.781717 3.0526766777 -4.36521530151 0.0
1685692967.814717 3.0526766777 -4.36521530151 0.0
1685692967.859717 3.0526766777 -4.36521530151 0.0
1685692967.892717 3.05268907547 -4.36523723602 0.0
1685692967.947717 3.0526766777 -4.36521530151 0.0
1685692967.980717 3.0526766777 -4.36521530151 0.0
1685692968.013717 3.0526766777 -4.36521530151 0.0
1685692968.047717 3.0526766777 -4.36521530151 0.0
1685692968.106717 3.0526766777 -4.36521530151 0.0
1685692968.139717 3.0526766777 -4.36521530151 0.0
1685692968.220717 3.05266427994 -4.365193367 0.0
1685692968.253717 3.0526766777 -4.36521530151 0.0
1685692968.302717 3.0526766777 -4.36521530151 0.0
1685692968.335717 3.05268907547 -4.36523723602 0.0
1685692968.411717 3.05268907547 -4.36523723602 0.0
1685692968.444717 3.05268907547 -4.36523723602 0.0
1685692968.501717 3.0526766777 -4.36521530151 0.0
1685692968.534717 3.0526766777 -4.36521530151 0.0
1685692968.574717 3.0526766777 -4.36521530151 0.0
1685692968.607717 3.0526766777 -4.36521530151 0.0
1685692968.640717 3.05268907547 -4.36523723602 0.0
1685692968.674717 3.0526766777 -4.36521530151 0.0
1685692968.707717 3.0526766777 -4.36521530151 0.0
1685692968.767717 3.0526766777 -4.36521530151 0.0
1685692968.801717 3.0526766777 -4.36521530151 0.0
1685692968.861717 3.0526766777 -4.36521530151 0.0
1685692968.895717 3.0526766777 -4.36521530151 0.0
1685692968.947717 3.05268907547 -4.36523723602 0.0
1685692968.981717 3.0526766777 -4.36521530151 0.0
1685692969.042717 3.0526766777 -4.36521530151 0.0
1685692969.076717 3.0526766777 -4.36521530151 0.0
1685692969.109717 3.0526766777 -4.36521530151 0.0
1685692969.143717 3.0526766777 -4.36521530151 0.0
1685692969.177717 3.0526766777 -4.36521530151 0.0
1685692969.215717 3.0526766777 -4.36521530151 0.0
1685692969.249717 3.0526766777 -4.36521530151 0.0
1685692969.292717 3.05268907547 -4.36523723602 0.0
1685692969.325717 3.05268907547 -4.36523723602 0.0
1685692969.399717 3.0526766777 -4.36521530151 0.0
1685692969.432717 3.0526766777 -4.36521530151 0.0
1685692969.465717 3.05268907547 -4.36523723602 0.0
1685692969.499717 3.05268907547 -4.36523723602 0.0
1685692969.535717 3.05268907547 -4.36523723602 0.0
1685692969.569717 3.0526766777 -4.36521530151 0.0
1685692969.604717 3.0526766777 -4.36521530151 0.0
1685692969.638717 3.0526766777 -4.36521530151 0.0
1685692969.671717 3.05268907547 -4.36523723602 0.0
1685692969.706717 3.05268907547 -4.36523723602 0.0
1685692969.739717 3.0526766777 -4.36521530151 0.0
1685692969.772717 3.0526766777 -4.36521530151 0.0
1685692969.813717 3.0526766777 -4.36521530151 0.0
1685692969.846717 3.0526766777 -4.36521530151 0.0
1685692969.871484 3.05268907547 -4.36523723602 0.0
1685692969.904484 3.0526766777 -4.36521530151 0.0
1685692969.957484 3.0526766777 -4.36521530151 0.0
1685692969.991484 3.0526766777 -4.36521530151 0.0
1685692970.024484 3.05268907547 -4.36523723602 0.0
1685692970.058484 3.0526766777 -4.36521530151 0.0
1685692970.091484 3.05268907547 -4.36523723602 0.0
1685692970.139484 3.0526766777 -4.36521530151 0.0
1685692970.172484 3.05268907547 -4.36523723602 0.0
1685692970.205484 3.0526766777 -4.36521530151 0.0
1685692970.246484 3.05268907547 -4.36523723602 0.0
1685692970.279484 3.0526766777 -4.36521530151 0.0
1685692970.315484 3.05268907547 -4.36523723602 0.0
1685692970.348484 3.0526766777 -4.36521530151 0.0
1685692970.392484 3.0526766777 -4.36521530151 0.0
1685692970.425484 3.05268907547 -4.36523723602 0.0
1685692970.458484 3.0526766777 -4.36521530151 0.0
1685692970.494484 3.0526766777 -4.36521530151 0.0
1685692970.527484 3.05268907547 -4.36523723602 0.0
1685692970.586484 3.0526766777 -4.36521530151 0.0
1685692970.619484 3.05268907547 -4.36523723602 0.0
1685692970.652484 3.0526766777 -4.36521530151 0.0
1685692970.685484 3.0526766777 -4.36521530151 0.0
1685692970.729484 3.05268907547 -4.36523723602 0.0
1685692970.762484 3.0526766777 -4.36521530151 0.0
1685692970.816484 3.05268907547 -4.36523723602 0.0
1685692970.849484 3.0526766777 -4.36521530151 0.0
1685692970.883484 3.0526766777 -4.36521530151 0.0
1685692970.916484 3.0526766777 -4.36521530151 0.0
1685692970.949484 3.05268907547 -4.36523723602 0.0
1685692970.982484 3.0526766777 -4.36521530151 0.0
1685692971.045484 3.0526766777 -4.36521530151 0.0
1685692971.079484 3.0526766777 -4.36521530151 0.0
1685692971.142484 3.0526766777 -4.36521530151 0.0
1685692971.176484 3.05268907547 -4.36523723602 0.0
1685692971.249484 3.05270147324 -4.36525917053 0.0
1685692971.282484 3.05267643929 -4.36521530151 0.0
1685692971.330484 3.05267643929 -4.36521530151 0.0
1685692971.364484 3.05268907547 -4.36523723602 0.0
1685692971.423484 3.05267643929 -4.36521530151 0.0
1685692971.456484 3.05267643929 -4.36521530151 0.0
1685692971.519484 3.05267643929 -4.36521530151 0.0
1685692971.525484 3.05267643929 -4.36521530151 0.0
1685692971.558484 3.05267643929 -4.36521530151 0.0
1685692971.617484 3.05267643929 -4.36521530151 0.0
1685692971.650484 3.05268907547 -4.36523723602 0.0
1685692971.712484 3.05268907547 -4.36523723602 0.0
1685692971.745484 3.0526766777 -4.36521530151 0.0
1685692971.785484 3.0526766777 -4.36521530151 0.0
1685692971.818484 3.05268907547 -4.36523723602 0.0
1685692971.869484 3.0526766777 -4.36521530151 0.0
1685692971.902484 3.0526766777 -4.36521530151 0.0
1685692971.978484 3.05268907547 -4.36523723602 0.0
1685692972.011484 3.05268907547 -4.36523723602 0.0
1685692972.045484 3.0526766777 -4.36521530151 0.0
1685692972.078484 3.0526766777 -4.36521530151 0.0
1685692972.111484 3.0526766777 -4.36521530151 0.0
1685692972.151484 3.0526766777 -4.36521530151 0.0
1685692972.185484 3.05268907547 -4.36523723602 0.0
1685692972.230484 3.05268907547 -4.36523723602 0.0
1685692972.264484 3.05267643929 -4.36521530151 0.0
1685692972.301484 3.05267643929 -4.36521530151 0.0
1685692972.326090 3.05267643929 -4.36521530151 0.0
1685692972.370090 3.05267643929 -4.36521530151 0.0
1685692972.404090 3.05267643929 -4.36521530151 0.0
1685692972.437090 3.05268907547 -4.36523723602 0.0
1685692972.470090 3.05268907547 -4.36523723602 0.0
1685692972.503090 3.0526766777 -4.36521530151 0.0
1685692972.536090 3.05268907547 -4.36523723602 0.0
1685692972.573090 3.05267643929 -4.36521530151 0.0
1685692972.606090 3.05268907547 -4.36523723602 0.0
1685692972.651090 3.05267643929 -4.36521530151 0.0
1685692972.684090 3.05267643929 -4.36521530151 0.0
1685692972.717090 3.05273914337 -4.3653254509 0.0
1685692972.753090 3.05293941498 -4.36567735672 0.0
1685692972.786090 3.05318975449 -4.36611747742 0.0
1685692972.823090 3.05357766151 -4.36679935455 0.0
1685692972.856090 3.05399036407 -4.36752557755 0.0
1685692972.910090 3.05472898483 -4.36882352829 0.0
1685692972.943090 3.0552175045 -4.36968135834 0.0
1685692972.976090 3.0556936264 -4.37051725388 0.0
1685692973.016090 3.05626988411 -4.37152910233 0.0
1685692973.050090 3.05673313141 -4.37234306335 0.0
1685692973.092090 3.05734634399 -4.37342119217 0.0
1685692973.125090 3.05783438683 -4.37427902222 0.0
1685692973.163090 3.05839729309 -4.37526941299 0.0
1685692973.197090 3.0588850975 -4.37612771988 0.0
1685692973.230090 3.05936026573 -4.37696409225 0.0
1685692973.265090 3.0598731041 -4.37786626816 0.0
1685692973.298090 3.06038594246 -4.37876844406 0.0
1685692973.345090 3.0611000061 -4.38002204895 0.0
1685692973.379090 3.06157755852 -4.38085699081 0.0
1685692973.416090 3.06213307381 -4.38182210922 0.0
1685692973.450090 3.06262874603 -4.38267564774 0.0
1685692973.510090 3.06356859207 -4.3842663765 0.0
1685692973.543090 3.06406450272 -4.3850903511 0.0
1685692973.583090 3.06469774246 -4.38612699509 0.0
1685692973.617090 3.0652179718 -4.38696575165 0.0
1685692973.651090 3.06578421593 -4.38786554337 0.0
1685692973.685090 3.06628847122 -4.38865470886 0.0
1685692973.734090 3.067060709 -4.3898434639 0.0
1685692973.768090 3.06758999825 -4.39064645767 0.0
1685692973.808090 3.06822299957 -4.39159345627 0.0
1685692973.841090 3.06884860992 -4.39251470566 0.0
1685692973.874090 3.06939435005 -4.39330673218 0.0
1685692973.907090 3.06995940208 -4.39411592484 0.0
1685692973.940090 3.07045602798 -4.39481878281 0.0
1685692973.983090 3.07134079933 -4.39605331421 0.0
1685692974.017090 3.07208561897 -4.39707660675 0.0
1685692974.094090 3.07421875 -4.3999376297 0.0
1685692974.127090 3.07515454292 -4.40116548538 0.0
1685692974.180090 3.07672071457 -4.40318584442 0.0
1685692974.213090 3.07778739929 -4.40453672409 0.0
1685692974.280090 3.07977223396 -4.40700054169 0.0
1685692974.313090 3.08078384399 -4.40823316574 0.0
1685692974.367090 3.08261561394 -4.41042995453 0.0
1685692974.400090 3.08372664452 -4.41174459457 0.0
1685692974.469090 3.08584523201 -4.41422891617 0.0
1685692974.502090 3.08690071106 -4.41545772552 0.0
1685692974.565090 3.08899879456 -4.41789293289 0.0
1685692974.598090 3.09004092216 -4.41909980774 0.0
1685692974.665090 3.09222435951 -4.42162847519 0.0
1685692974.698090 3.09329915047 -4.42287397385 0.0
1685692974.736090 3.09448933601 -4.42425394058 0.0
1685692974.769090 3.09554696083 -4.42548084259 0.0
1685692974.825090 3.09741520882 -4.42764663696 0.0
1685692974.884793 3.09852385521 -4.42892980576 0.0
1685692974.929793 3.09996438026 -4.43059539795 0.0
1685692974.962793 3.1010248661 -4.43181991577 0.0
1685692975.005793 3.10246706009 -4.43348407745 0.0
1685692975.038793 3.1035118103 -4.43468856812 0.0
1685692975.086793 3.10538649559 -4.43684864044 0.0
1685692975.119793 3.10686349869 -4.43854951859 0.0
1685692975.152793 3.10842347145 -4.44034576416 0.0
1685692975.189793 3.11004972458 -4.44221878052 0.0
1685692975.222793 3.11154222488 -4.44393968582 0.0
1685692975.255793 3.11319994926 -4.44585227966 0.0
1685692975.289793 3.11500787735 -4.44793605804 0.0
1685692975.322793 3.11696648598 -4.45019102097 0.0
1685692975.362793 3.11925697327 -4.45282793045 0.0
1685692975.395793 3.12128090858 -4.45516014099 0.0
1685692975.450793 3.12441325188 -4.45877552032 0.0
1685692975.483793 3.1263358593 -4.46099472046 0.0
1685692975.530793 3.12912368774 -4.46420526505 0.0
1685692975.563793 3.13114976883 -4.46653556824 0.0
1685692975.597793 3.13312530518 -4.46880912781 0.0
1685692975.630793 3.1350171566 -4.47098779678 0.0
1685692975.698793 3.13896417618 -4.47553873062 0.0
1685692975.731793 3.14098596573 -4.47787284851 0.0
1685692975.784793 3.14396929741 -4.48131608963 0.0
1685692975.817793 3.14597439766 -4.48363113403 0.0
1685692975.850793 3.14816141129 -4.48615694046 0.0
1685692975.891793 3.15102553368 -4.48946905136 0.0
1685692975.924793 3.1533074379 -4.49211359024 0.0
1685692975.977793 3.15724277496 -4.49667453766 0.0
1685692976.011793 3.15955924988 -4.499355793 0.0
1685692976.044793 3.1618938446 -4.50205516815 0.0
1685692976.085793 3.16487717628 -4.50549840927 0.0
1685692976.119793 3.16723227501 -4.50821352005 0.0
1685692976.152793 3.16963648796 -4.51098632812 0.0
1685692976.197793 3.17285203934 -4.51469707489 0.0
1685692976.230793 3.17523694038 -4.51745319366 0.0
1685692976.277793 3.17854499817 -4.52128505707 0.0
1685692976.310793 3.18095779419 -4.52408409119 0.0
1685692976.364793 3.18477344513 -4.52851438522 0.0
1685692976.397793 3.18710207939 -4.53121852875 0.0
1685692976.440793 3.19017505646 -4.53478527069 0.0
1685692976.473793 3.19250440598 -4.53748893738 0.0
1685692976.523793 3.19610333443 -4.54167127609 0.0
1685692976.556793 3.19849538803 -4.54445457458 0.0
1685692976.596793 3.20138120651 -4.54781484604 0.0
1685692976.629793 3.2037062645 -4.55052232742 0.0
1685692976.663793 3.20608186722 -4.55328655243 0.0
1685692976.696793 3.20840859413 -4.5559926033 0.0
1685692976.748793 3.21233725548 -4.56055927277 0.0
1685692976.781793 3.21483016014 -4.5634560585 0.0
1685692976.814793 3.21747112274 -4.56652593613 0.0
1685692976.847793 3.22019457817 -4.56969213486 0.0
1685692976.909793 3.2256102562 -4.575984478 0.0
1685692976.942793 3.2285835743 -4.57943630219 0.0
1685692976.984793 3.23250055313 -4.58397960663 0.0
1685692977.018793 3.23554372787 -4.58750486374 0.0
1685692977.051793 3.23857021332 -4.59101104736 0.0
1685692977.084793 3.2415471077 -4.59446001053 0.0
1685692977.117793 3.2445909977 -4.5979847908 0.0
1685692977.166793 3.24905538559 -4.60315895081 0.0
1685692977.199793 3.2520813942 -4.60666561127 0.0
1685692977.258793 3.25745606422 -4.61289310455 0.0
1685692977.291793 3.26046538353 -4.61638069153 0.0
1685692977.371793 3.26775741577 -4.62483167648 0.0
1685692977.404793 3.27078270912 -4.62833881378 0.0
1685692977.442965 3.27564454079 -4.63397216797 0.0
1685692977.475965 3.27865576744 -4.63745832443 0.0
1685692977.530965 3.28366804123 -4.64326286316 0.0
1685692977.563965 3.28667783737 -4.6467499733 0.0
1685692977.638965 3.29348254204 -4.65461826324 0.0
1685692977.671965 3.29653573036 -4.65813493729 0.0
1685692977.713965 3.30039906502 -4.66255712509 0.0
1685692977.747965 3.30344223976 -4.666015625 0.0
1685692977.806965 3.30899906158 -4.67228507996 0.0
1685692977.839965 3.31204986572 -4.67570257187 0.0
1685692977.880965 3.31600570679 -4.68011045456 0.0
1685692977.914965 3.3190574646 -4.68349313736 0.0
1685692977.947965 3.32218623161 -4.6869430542 0.0
1685692977.980965 3.32530879974 -4.69036388397 0.0
1685692978.013965 3.32842540741 -4.69375610352 0.0
1685692978.065965 3.33330988884 -4.69902992249 0.0
1685692978.098965 3.33652257919 -4.70247125626 0.0
1685692978.131965 3.33964133263 -4.70579242706 0.0
1685692978.164965 3.34280633926 -4.70913982391 0.0
1685692978.197965 3.34598326683 -4.71247577667 0.0
1685692978.231965 3.34932851791 -4.71596574783 0.0
1685692978.264965 3.3525595665 -4.7193198204 0.0
1685692978.299965 3.35592222214 -4.72279310226 0.0
1685692978.332965 3.35908269882 -4.72603940964 0.0
1685692978.372965 3.36289191246 -4.72992563248 0.0
1685692978.405965 3.36623620987 -4.73331069946 0.0
1685692978.473965 3.37297391891 -4.74003171921 0.0
1685692978.506965 3.37621045113 -4.74320220947 0.0
1685692978.564965 3.38205099106 -4.74877691269 0.0
1685692978.597965 3.38549852371 -4.7519826889 0.0
1685692978.630965 3.38891720772 -4.75510787964 0.0
1685692978.664965 3.39244174957 -4.75826692581 0.0
1685692978.697965 3.39592051506 -4.76132488251 0.0
1685692978.734965 3.39987230301 -4.76472616196 0.0
1685692978.767965 3.40343356133 -4.76772737503 0.0
1685692978.831965 3.41032409668 -4.77337503433 0.0
1685692978.864965 3.41382646561 -4.77616834641 0.0
1685692978.904965 3.41833162308 -4.77969312668 0.0
1685692978.938965 3.42200660706 -4.78251266479 0.0
1685692978.999965 3.4287416935 -4.78753805161 0.0
1685692979.032965 3.4325325489 -4.79028654099 0.0
1685692979.065965 3.43630719185 -4.79297065735 0.0
1685692979.098965 3.44010329247 -4.79562473297 0.0
1685692979.154965 3.44641923904 -4.79997491837 0.0
1685692979.187965 3.45024657249 -4.80258369446 0.0
1685692979.220965 3.45406031609 -4.80516719818 0.0
1685692979.254965 3.45807123184 -4.80786561966 0.0
1685692979.287965 3.46192216873 -4.81043958664 0.0
1685692979.322965 3.46582436562 -4.81302785873 0.0
1685692979.355965 3.46967148781 -4.81556177139 0.0
1685692979.410965 3.47607326508 -4.8197388649 0.0
1685692979.443965 3.47994375229 -4.82223653793 0.0
1685692979.485965 3.48482656479 -4.82535982132 0.0
1685692979.518965 3.4886944294 -4.82781505585 0.0
1685692979.551965 3.492634058 -4.8302989006 0.0
1685692979.589965 3.49716234207 -4.83312988281 0.0
1685692979.622965 3.50109839439 -4.8355717659 0.0
1685692979.667965 3.50642299652 -4.83884763718 0.0
1685692979.700965 3.51039814949 -4.84127378464 0.0
1685692979.733965 3.51433801651 -4.84366083145 0.0
1685692979.768965 3.51857089996 -4.84619903564 0.0
1685692979.801965 3.52249312401 -4.84851694107 0.0
1685692979.840965 3.52722334862 -4.85125827789 0.0
1685692979.873965 3.53136134148 -4.85360765457 0.0
1685692979.931886 3.53783011436 -4.85718250275 0.0
1685692979.964886 3.54186606407 -4.85935020447 0.0
1685692980.004886 3.54677534103 -4.86192417145 0.0
1685692980.037886 3.55094480515 -4.86405515671 0.0
1685692980.085886 3.55695390701 -4.86703491211 0.0
1685692980.118886 3.56096696854 -4.86896848679 0.0
1685692980.194886 3.57058787346 -4.87343025208 0.0
1685692980.227886 3.57479596138 -4.87530422211 0.0
1685692980.267886 3.57985901833 -4.87749767303 0.0
1685692980.300886 3.58415031433 -4.87930679321 0.0
1685692980.380886 3.59445381165 -4.88346624374 0.0
1685692980.413886 3.59875154495 -4.88512468338 0.0
1685692980.474886 3.60666942596 -4.88808679581 0.0
1685692980.507886 3.61104464531 -4.88968276978 0.0
1685692980.568886 3.61907529831 -4.89255809784 0.0
1685692980.601886 3.62337350845 -4.89406871796 0.0
1685692980.694886 3.63563132286 -4.89827394485 0.0
1685692980.727886 3.64002251625 -4.89974784851 0.0
1685692980.760886 3.6443696022 -4.90119361877 0.0
1685692980.802886 3.64990067482 -4.90300893784 0.0
1685692980.835886 3.65416288376 -4.90438890457 0.0
1685692980.868886 3.65867042542 -4.90583229065 0.0
1685692980.902886 3.66315889359 -4.90725231171 0.0
1685692980.935886 3.66760468483 -4.908639431 0.0
1685692980.972886 3.67261242867 -4.91018009186 0.0
1685692981.005886 3.67716598511 -4.91156101227 0.0
1685692981.053886 3.68347144127 -4.91344451904 0.0
1685692981.086886 3.68788981438 -4.914747715 0.0
1685692981.127886 3.69347929955 -4.91637516022 0.0
1685692981.161886 3.69800400734 -4.91767501831 0.0
1685692981.194886 3.70243501663 -4.91893482208 0.0
1685692981.229886 3.70713758469 -4.92025661469 0.0
1685692981.262886 3.71150255203 -4.92147064209 0.0
1685692981.300886 3.71674919128 -4.922914505 0.0
1685692981.334886 3.72119426727 -4.9241232872 0.0
1685692981.393886 3.72909283638 -4.92623233795 0.0
1685692981.426886 3.73359751701 -4.92741441727 0.0
1685692981.470886 3.73945355415 -4.92893075943 0.0
1685692981.503886 3.74386811256 -4.93005657196 0.0
1685692981.536886 3.74843430519 -4.93120241165 0.0
1685692981.570886 3.75310349464 -4.93235349655 0.0
1685692981.603886 3.75770282745 -4.93347120285 0.0
1685692981.642886 3.7629699707 -4.93473434448 0.0
1685692981.675886 3.76745295525 -4.93579435349 0.0
1685692981.708886 3.77191448212 -4.93683481216 0.0
1685692981.742886 3.77667570114 -4.93792772293 0.0
1685692981.775886 3.78116893768 -4.93894338608 0.0
1685692981.818886 3.78690075874 -4.94021844864 0.0
1685692981.851886 3.79142570496 -4.94120836258 0.0
1685692981.918886 3.80055904388 -4.94316053391 0.0
1685692981.951886 3.80504345894 -4.94409751892 0.0
1685692981.994886 3.81089496613 -4.94529771805 0.0
1685692982.027886 3.81551027298 -4.94622659683 0.0
1685692982.060886 3.81990528107 -4.94709539413 0.0
1685692982.107886 3.82634186745 -4.94833803177 0.0
1685692982.140886 3.83086848259 -4.94919252396 0.0
1685692982.186886 3.83716630936 -4.95035171509 0.0
1685692982.219886 3.84165048599 -4.95115661621 0.0
1685692982.262886 3.84748363495 -4.95218229294 0.0
1685692982.295886 3.85217308998 -4.95298910141 0.0
1685692982.328886 3.85689020157 -4.95378446579 0.0
1685692982.361886 3.86146020889 -4.95453834534 0.0
1685692982.456573 3.87108254433 -4.95607757568 0.0
1685692982.489573 3.87565994263 -4.9567861557 0.0
1685692982.522573 3.88016438484 -4.95746994019 0.0
1685692982.561573 3.88567233086 -4.95828771591 0.0
1685692982.594573 3.89023137093 -4.95894813538 0.0
1685692982.628573 3.89481782913 -4.95959472656 0.0
1685692982.661573 3.89940690994 -4.96022319794 0.0
1685692982.694573 3.9039978981 -4.96083784103 0.0
1685692982.727573 3.90861606598 -4.96143913269 0.0
1685692982.760573 3.91328644753 -4.96203184128 0.0
1685692982.793573 3.91783285141 -4.9625954628 0.0
1685692982.834573 3.92323565483 -4.96324539185 0.0
1685692982.867573 3.92781090736 -4.96378087997 0.0
1685692982.910573 3.933770895 -4.96445989609 0.0
1685692982.943573 3.93847513199 -4.9649810791 0.0
1685692982.979573 3.94355821609 -4.96552991867 0.0
1685692983.013573 3.94813966751 -4.96601057053 0.0
1685692983.048573 3.95297455788 -4.96650123596 0.0
1685692983.081573 3.95753383636 -4.96694803238 0.0
1685692983.114573 3.96219539642 -4.96739006042 0.0
1685692983.149573 3.9669342041 -4.96782159805 0.0
1685692983.182573 3.97147274017 -4.96822023392 0.0
1685692983.215573 3.9761133194 -4.96861410141 0.0
1685692983.248573 3.98075485229 -4.96899414062 0.0
1685692983.314573 3.9899148941 -4.96970844269 0.0
1685692983.347573 3.99455952644 -4.97005081177 0.0
1685692983.405573 4.00263977051 -4.97060775757 0.0
1685692983.438573 4.00718641281 -4.97089910507 0.0
1685692983.526573 4.01951694489 -4.97161722183 0.0
1685692983.559573 4.02406644821 -4.97185707092 0.0
1685692983.596573 4.02927398682 -4.9721159935 0.0
1685692983.629573 4.03390073776 -4.97233057022 0.0
1685692983.694573 4.04302978516 -4.97271442413 0.0
1685692983.727573 4.04763317108 -4.97288942337 0.0
1685692983.778573 4.05479192734 -4.9731297493 0.0
1685692983.811573 4.05947256088 -4.97326660156 0.0
1685692983.844573 4.06405210495 -4.97338581085 0.0
1685692983.889573 4.07050466537 -4.97352600098 0.0
1685692983.923573 4.07505989075 -4.97360801697 0.0
1685692983.980573 4.08295583725 -4.97371816635 0.0
1685692984.013573 4.08766317368 -4.97376346588 0.0
1685692984.046573 4.0923204422 -4.97379302979 0.0
1685692984.080573 4.09712934494 -4.97379875183 0.0
1685692984.114573 4.10171031952 -4.97377204895 0.0
1685692984.147573 4.10634183884 -4.97370910645 0.0
1685692984.196573 4.11304712296 -4.97354841232 0.0
1685692984.229573 4.11772680283 -4.97338724136 0.0
1685692984.289573 4.12604475021 -4.97299432755 0.0
1685692984.322573 4.1306681633 -4.97271537781 0.0
1685692984.363573 4.1363992691 -4.97230625153 0.0
1685692984.396573 4.141040802 -4.9719247818 0.0
1685692984.447573 4.14797067642 -4.9712729454 0.0
1685692984.480573 4.15250110626 -4.97079181671 0.0
1685692984.513573 4.15710258484 -4.97026062012 0.0
1685692984.546573 4.16169929504 -4.96969032288 0.0
1685692984.579573 4.16616630554 -4.96910476685 0.0
1685692984.625573 4.17253494263 -4.96822690964 0.0
1685692984.658573 4.1771197319 -4.9675693512 0.0
1685692984.709573 4.18415546417 -4.96652889252 0.0
1685692984.742573 4.1886844635 -4.96583843231 0.0
1685692984.788573 4.19503593445 -4.96484470367 0.0
1685692984.821573 4.19960927963 -4.9641122818 0.0
1685692984.858573 4.20480442047 -4.96326065063 0.0
1685692984.891573 4.20967197418 -4.96244478226 0.0
1685692984.939573 4.21700668335 -4.96118974686 0.0
1685692984.972053 4.22229290009 -4.96026802063 0.0
1685692985.025053 4.23076343536 -4.95874977112 0.0
1685692985.058053 4.23636436462 -4.95771884918 0.0
1685692985.103053 4.24390077591 -4.95629882812 0.0
1685692985.136053 4.24946784973 -4.95522642136 0.0
1685692985.172053 4.25550413132 -4.95404624939 0.0
1685692985.206053 4.26101541519 -4.95295143127 0.0
1685692985.255053 4.2691283226 -4.95131444931 0.0
1685692985.288053 4.27463293076 -4.95018625259 0.0
1685692985.324053 4.28058052063 -4.94895029068 0.0
1685692985.357053 4.2859544754 -4.94781637192 0.0
1685692985.393053 4.29194307327 -4.94653081894 0.0
1685692985.426053 4.29735851288 -4.94534826279 0.0
1685692985.459053 4.30286979675 -4.94412994385 0.0
1685692985.505053 4.31037950516 -4.94245386124 0.0
1685692985.538053 4.3159828186 -4.94118404388 0.0
1685692985.588053 4.32402229309 -4.93932580948 0.0
1685692985.621053 4.32966375351 -4.93799591064 0.0
1685692985.677053 4.33879327774 -4.93579959869 0.0
1685692985.710053 4.34420108795 -4.93447160721 0.0
1685692985.777053 4.35503149033 -4.93177175522 0.0
1685692985.782053 4.35591459274 -4.93154716492 0.0
1685692985.815053 4.36142539978 -4.93011140823 0.0
1685692985.854053 4.36760997772 -4.92845153809 0.0
1685692985.887053 4.37299966812 -4.92695426941 0.0
1685692985.945053 4.38252639771 -4.92418289185 0.0
1685692985.978053 4.38794994354 -4.92253017426 0.0
1685692986.026053 4.39571905136 -4.9200668335 0.0
1685692986.059053 4.40103244781 -4.91831874847 0.0
1685692986.092053 4.40640163422 -4.91649723053 0.0
1685692986.128053 4.41220474243 -4.91445875168 0.0
1685692986.161053 4.41746473312 -4.91255569458 0.0
1685692986.202053 4.42398738861 -4.91012620926 0.0
1685692986.235053 4.42920923233 -4.90812158585 0.0
1685692986.296053 4.43877840042 -4.90430736542 0.0
1685692986.329053 4.44385385513 -4.90220785141 0.0
1685692986.390053 4.4533405304 -4.89812803268 0.0
1685692986.423053 4.45856380463 -4.89579629898 0.0
1685692986.513053 4.47235107422 -4.88936948776 0.0
1685692986.546053 4.47740602493 -4.88691616058 0.0
1685692986.626053 4.48957395554 -4.88080263138 0.0
1685692986.659053 4.4945807457 -4.87819719315 0.0
1685692986.706053 4.50158929825 -4.87444925308 0.0
1685692986.739053 4.50655841827 -4.87171983719 0.0
1685692986.779053 4.51246881485 -4.86839103699 0.0
1685692986.813053 4.51739931107 -4.86554050446 0.0
1685692986.846053 4.52217197418 -4.86272192001 0.0
1685692986.889053 4.5284075737 -4.85894680023 0.0
1685692986.922053 4.53322553635 -4.85595798492 0.0
1685692986.991053 4.54306650162 -4.84964132309 0.0
1685692987.024053 4.547747612 -4.84653282166 0.0
1685692987.057053 4.55237960815 -4.84339666367 0.0
1685692987.091053 4.55714702606 -4.84009981155 0.0
1685692987.124053 4.5617980957 -4.83681344986 0.0
1685692987.158053 4.56647634506 -4.83343410492 0.0
1685692987.191053 4.57093572617 -4.83014202118 0.0
1685692987.224053 4.575507164 -4.82670307159 0.0
1685692987.258053 4.57994747162 -4.82330083847 0.0
1685692987.291053 4.58435726166 -4.81985998154 0.0
1685692987.328053 4.5892496109 -4.81596755981 0.0
1685692987.361053 4.59359264374 -4.81244277954 0.0
1685692987.422053 4.60146427155 -4.80587625504 0.0
1685692987.455053 4.60582780838 -4.80213880539 0.0
1685692987.458449 4.61049699783 -4.79805803299 0.0
1685692987.491449 4.61474609375 -4.79426670074 0.0
1685692987.534449 4.62002182007 -4.78945922852 0.0
1685692987.567449 4.62415742874 -4.78561830521 0.0
1685692987.608449 4.62922143936 -4.7808432579 0.0
1685692987.641449 4.63323163986 -4.77701663971 0.0
1685692987.684449 4.63837432861 -4.77206707001 0.0
1685692987.717449 4.64237117767 -4.76818990707 0.0
1685692987.751449 4.64650011063 -4.7641582489 0.0
1685692987.784449 4.650578022 -4.76014661789 0.0
1685692987.835449 4.65659713745 -4.75417470932 0.0
1685692987.868449 4.66049814224 -4.75027227402 0.0
1685692987.901449 4.6645116806 -4.74623203278 0.0
1685692987.953449 4.67092657089 -4.73972558975 0.0
1685692987.987449 4.67480373383 -4.73576402664 0.0
1685692988.051449 4.68237638474 -4.72794675827 0.0
1685692988.084449 4.68626499176 -4.7238907814 0.0
1685692988.124449 4.69099664688 -4.71892499924 0.0
1685692988.157449 4.69486045837 -4.71484518051 0.0
1685692988.194449 4.69916296005 -4.71027469635 0.0
1685692988.227449 4.70300197601 -4.7061715126 0.0
1685692988.260449 4.70681190491 -4.70207595825 0.0
1685692988.296449 4.71102380753 -4.69752454758 0.0
1685692988.329449 4.71476173401 -4.69346618652 0.0
1685692988.362449 4.7184882164 -4.68939685822 0.0
1685692988.401449 4.72289800644 -4.6845459938 0.0
1685692988.434449 4.72652816772 -4.68052625656 0.0
1685692988.477449 4.73143053055 -4.67506313324 0.0
1685692988.510449 4.73513555527 -4.67090654373 0.0
1685692988.551449 4.73973035812 -4.66571187973 0.0
1685692988.584449 4.7434720993 -4.6614522934 0.0
1685692988.617449 4.74708604813 -4.65731620789 0.0
1685692988.650449 4.750685215 -4.65316724777 0.0
1685692988.683449 4.75438547134 -4.64887142181 0.0
1685692988.720449 4.75846862793 -4.64410400391 0.0
1685692988.753449 4.76206350327 -4.63988494873 0.0
1685692988.811449 4.76839971542 -4.63238191605 0.0
1685692988.844449 4.77190685272 -4.62818813324 0.0
1685692988.900449 4.77789878845 -4.62095785141 0.0
1685692988.933449 4.78151416779 -4.61655759811 0.0
1685692988.969449 4.78533840179 -4.61187076569 0.0
1685692989.002449 4.78887701035 -4.60750627518 0.0
1685692989.059449 4.79492044449 -4.59999132156 0.0
1685692989.092449 4.79847049713 -4.59553813934 0.0
1685692989.132449 4.80260229111 -4.59031915665 0.0
1685692989.165449 4.80607509613 -4.58590173721 0.0
1685692989.259449 4.81593513489 -4.57324171066 0.0
1685692989.292449 4.81941604614 -4.56873464584 0.0
1685692989.344449 4.82474517822 -4.5617852211 0.0
1685692989.377449 4.8281493187 -4.55731487274 0.0
1685692989.444449 4.83495283127 -4.54830694199 0.0
1685692989.477449 4.83828830719 -4.54384803772 0.0
1685692989.541449 4.8447933197 -4.53505945206 0.0
1685692989.574449 4.84807062149 -4.5305891037 0.0
1685692989.615449 4.85213947296 -4.5250043869 0.0
1685692989.648449 4.85543394089 -4.52045249939 0.0
1685692989.700449 4.8606133461 -4.51323413849 0.0
1685692989.733449 4.86385536194 -4.50867605209 0.0
1685692989.766449 4.86703872681 -4.50416946411 0.0
1685692989.799449 4.8702507019 -4.49958992004 0.0
1685692989.862449 4.87622308731 -4.49098014832 0.0
1685692989.895449 4.87937021255 -4.48638629913 0.0
1685692989.928449 4.88258457184 -4.48165464401 0.0
1685692989.966677 4.8857550621 -4.47695446014 0.0
1685692989.999677 4.88886833191 -4.4723072052 0.0
1685692990.032677 4.89195394516 -4.46767187119 0.0
1685692990.070677 4.89541482925 -4.46243524551 0.0
1685692990.103677 4.89850854874 -4.45771455765 0.0
1685692990.157677 4.90345335007 -4.450091362 0.0
1685692990.190677 4.90652036667 -4.44532299042 0.0
1685692990.241677 4.91113853455 -4.43809127808 0.0
1685692990.274677 4.91411876678 -4.43338775635 0.0
1685692990.307677 4.91714096069 -4.42859077454 0.0
1685692990.341677 4.92020225525 -4.42369890213 0.0
1685692990.374677 4.92326307297 -4.41877698898 0.0
1685692990.417677 4.92698383331 -4.41274499893 0.0
1685692990.450677 4.92992687225 -4.40792894363 0.0
1685692990.484677 4.9328956604 -4.40303945541 0.0
1685692990.517677 4.93579816818 -4.39822816849 0.0
1685692990.550677 4.93864870071 -4.39347410202 0.0
1685692990.583677 4.94153833389 -4.3886256218 0.0
1685692990.617677 4.94448900223 -4.38363647461 0.0
1685692990.650677 4.94732236862 -4.37881374359 0.0
1685692990.683677 4.95012950897 -4.37400484085 0.0
1685692990.716677 4.95293807983 -4.36916732788 0.0
1685692990.757677 4.95635271072 -4.3632478714 0.0
1685692990.790677 4.95918083191 -4.35830497742 0.0
1685692990.827677 4.9622168541 -4.35295629501 0.0
1685692990.860677 4.9650478363 -4.34792757034 0.0
1685692990.893677 4.96775197983 -4.3430891037 0.0
1685692990.927677 4.97051525116 -4.33810949326 0.0
1685692990.960677 4.97325611115 -4.33314657211 0.0
1685692991.025677 4.9785118103 -4.3235874176 0.0
1685692991.030677 4.9789481163 -4.32278776169 0.0
1685692991.063677 4.98159599304 -4.31788921356 0.0
1685692991.104677 4.98482084274 -4.31186437607 0.0
1685692991.137677 4.98743009567 -4.30694532394 0.0
1685692991.170677 4.98998832703 -4.30208492279 0.0
1685692991.209677 4.99301099777 -4.29629659653 0.0
1685692991.242677 4.9955945015 -4.2913069725 0.0
1685692991.294677 4.99962759018 -4.28341960907 0.0
1685692991.327677 5.00215911865 -4.27840328217 0.0
1685692991.360677 5.00470924377 -4.27331113815 0.0
1685692991.396677 5.00740480423 -4.26789569855 0.0
1685692991.429677 5.00987291336 -4.26290416718 0.0
1685692991.510677 5.01588201523 -4.25057172775 0.0
1685692991.543677 5.01833772659 -4.24546146393 0.0
1685692991.576677 5.02073907852 -4.24043750763 0.0
1685692991.609677 5.02313899994 -4.2353849411 0.0
1685692991.670677 5.02750253677 -4.22608137131 0.0
1685692991.703677 5.02983093262 -4.22105121613 0.0
1685692991.752677 5.03327322006 -4.21355247498 0.0
1685692991.785677 5.03554868698 -4.20855331421 0.0
1685692991.820677 5.03804683685 -4.20301628113 0.0
1685692991.854677 5.04034137726 -4.19788694382 0.0
1685692991.909677 5.04419898987 -4.18918704987 0.0
1685692991.943677 5.04644012451 -4.18408966064 0.0
1685692991.976677 5.04874897003 -4.17880105972 0.0
1685692992.021677 5.05170202255 -4.17197084427 0.0
1685692992.054677 5.05392456055 -4.16678285599 0.0
1685692992.087677 5.05615282059 -4.16154193878 0.0
1685692992.120677 5.05834674835 -4.15634155273 0.0
1685692992.153677 5.06049633026 -4.15120506287 0.0
1685692992.193677 5.06302452087 -4.14510202408 0.0
1685692992.226677 5.06517648697 -4.13985681534 0.0
1685692992.308677 5.07032585144 -4.12711429596 0.0
1685692992.341677 5.07238483429 -4.12194061279 0.0
1685692992.396677 5.07582950592 -4.11317777634 0.0
1685692992.429677 5.07783603668 -4.10801076889 0.0
1685692992.504799 5.08174610138 -4.09779977798 0.0
1685692992.537799 5.08376502991 -4.09244775772 0.0
1685692992.610799 5.08810281754 -4.08074808121 0.0
1685692992.643799 5.08999300003 -4.07556438446 0.0
1685692992.706799 5.09356307983 -4.06563186646 0.0
1685692992.739799 5.09546709061 -4.0602645874 0.0
1685692992.772799 5.09733963013 -4.05493974686 0.0
1685692992.812799 5.09955024719 -4.04858064651 0.0
1685692992.845799 5.10135364532 -4.04333925247 0.0
1685692992.896799 5.10412597656 -4.03519248962 0.0
1685692992.929799 5.10587739944 -4.02998685837 0.0
1685692992.970799 5.10802984238 -4.02352762222 0.0
1685692993.003799 5.10978984833 -4.01819133759 0.0
1685692993.058799 5.11269760132 -4.0092625618 0.0
1685692993.091799 5.11440038681 -4.00396108627 0.0
1685692993.141799 5.116979599 -3.99583077431 0.0
1685692993.174799 5.1186466217 -3.99051785469 0.0
1685692993.223799 5.12107229233 -3.98268413544 0.0
1685692993.256799 5.12272644043 -3.97726130486 0.0
1685692993.302799 5.12496900558 -3.96979522705 0.0
1685692993.335799 5.12652826309 -3.96452879906 0.0
1685692993.380799 5.12863016129 -3.95733785629 0.0
1685692993.413799 5.13020277023 -3.95189070702 0.0
1685692993.446799 5.13176059723 -3.9464392662 0.0
1685692993.481799 5.13338088989 -3.94069004059 0.0
1685692993.514799 5.13486337662 -3.93529629707 0.0
1685692993.563799 5.13698959351 -3.92719268799 0.0
1685692993.596799 5.13835859299 -3.92171692848 0.0
1685692993.635799 5.13990783691 -3.91524291039 0.0
1685692993.668799 5.14118432999 -3.90966701508 0.0
1685692993.701799 5.14238262177 -3.9042031765 0.0
1685692993.734799 5.14356040955 -3.89855384827 0.0
1685692993.768799 5.14466285706 -3.89299249649 0.0
1685692993.801799 5.1456861496 -3.88757038116 0.0
1685692993.841799 5.14685678482 -3.88099169731 0.0
1685692993.874799 5.14779424667 -3.87537455559 0.0
1685692993.916799 5.14889192581 -3.86829614639 0.0
1685692993.949799 5.14967346191 -3.86285972595 0.0
1685692993.997799 5.15073156357 -3.85488080978 0.0
1685692994.030799 5.1514005661 -3.84935283661 0.0
1685692994.063799 5.15203714371 -3.84364271164 0.0
1685692994.109799 5.15280246735 -3.83598637581 0.0
1685692994.142799 5.15330696106 -3.83031392097 0.0
1685692994.175799 5.15374851227 -3.8247885704 0.0
1685692994.208799 5.15413475037 -3.81930971146 0.0
1685692994.241799 5.15447711945 -3.81375193596 0.0
1685692994.281799 5.1548371315 -3.80682611465 0.0
1685692994.314799 5.1550693512 -3.80128788948 0.0
1685692994.366799 5.15532827377 -3.79263544083 0.0
1685692994.399799 5.15543460846 -3.78694152832 0.0
1685692994.448799 5.15549039841 -3.77874112129 0.0
1685692994.481799 5.15545940399 -3.77309703827 0.0
1685692994.514799 5.15537691116 -3.76747870445 0.0
1685692994.548799 5.15523386002 -3.76168441772 0.0
1685692994.581799 5.15503454208 -3.75596761703 0.0
1685692994.622799 5.15472459793 -3.7491915226 0.0
1685692994.655799 5.15440607071 -3.74353098869 0.0
1685692994.721799 5.15362119675 -3.73237133026 0.0
1685692994.754799 5.15314388275 -3.72667098045 0.0
1685692994.800799 5.15241479874 -3.7189347744 0.0
1685692994.833799 5.15182304382 -3.71332168579 0.0
1685692994.873799 5.15102767944 -3.70645785332 0.0
1685692994.906799 5.15028572083 -3.70058178902 0.0
1685692994.943799 5.14938116074 -3.69396138191 0.0
1685692994.959820 5.14848279953 -3.68785119057 0.0
1685692995.019820 5.14664840698 -3.67635369301 0.0
1685692995.052820 5.14550542831 -3.66971874237 0.0
1685692995.101820 5.1437330246 -3.66008520126 0.0
1685692995.134820 5.14244604111 -3.65350246429 0.0
1685692995.173820 5.14089345932 -3.64594054222 0.0
1685692995.206820 5.13951015472 -3.63950681686 0.0
1685692995.285820 5.13597679138 -3.6242172718 0.0
1685692995.318820 5.13440799713 -3.61787819862 0.0
1685692995.351820 5.13268995285 -3.61118531227 0.0
1685692995.411820 5.12940645218 -3.59904193878 0.0
1685692995.444820 5.12745189667 -3.59215092659 0.0
1685692995.495820 5.12430715561 -3.58144116402 0.0
1685692995.528820 5.12225866318 -3.57468318939 0.0
1685692995.604820 5.11736249924 -3.55924201012 0.0
1685692995.637820 5.11515760422 -3.5525867939 0.0
1685692995.694820 5.11116695404 -3.54100465775 0.0
1685692995.727820 5.10876846313 -3.53430891037 0.0
1685692995.795820 5.103723526 -3.52073860168 0.0
1685692995.828820 5.10115337372 -3.51405262947 0.0
1685692995.866820 5.09812879562 -3.50637555122 0.0
1685692995.899820 5.09547042847 -3.49980592728 0.0
1685692995.941820 5.09203290939 -3.49153161049 0.0
1685692995.974820 5.08921766281 -3.48491764069 0.0
1685692996.012820 5.08599185944 -3.4775159359 0.0
1685692996.045820 5.08311223984 -3.47106814384 0.0
1685692996.078820 5.08013725281 -3.46455216408 0.0
1685692996.111820 5.07716178894 -3.4581758976 0.0
1685692996.154820 5.0731420517 -3.44977355003 0.0
1685692996.187820 5.07003688812 -3.44343137741 0.0
1685692996.240820 5.06494283676 -3.43330073357 0.0
1685692996.273820 5.0616774559 -3.4269824028 0.0
1685692996.316820 5.05732536316 -3.41874742508 0.0
1685692996.349820 5.05394697189 -3.41248893738 0.0
1685692996.382820 5.05047273636 -3.40616726875 0.0
1685692996.419820 5.04658842087 -3.39923357964 0.0
1685692996.452820 5.0431137085 -3.39314413071 0.0
1685692996.491820 5.03892421722 -3.38594770432 0.0
1685692996.524820 5.03530550003 -3.37985420227 0.0
1685692996.579820 5.0291519165 -3.36973261833 0.0
1685692996.612820 5.02544784546 -3.36378002167 0.0
1685692996.676820 5.01796913147 -3.35206866264 0.0
1685692996.709820 5.01409816742 -3.34616231918 0.0
1685692996.756820 5.00843477249 -3.33770918846 0.0
1685692996.789820 5.00432062149 -3.33169174194 0.0
1685692996.828820 4.99947166443 -3.32470536232 0.0
1685692996.861820 4.99527359009 -3.31874608994 0.0
1685692996.929820 4.98669290543 -3.30680346489 0.0
1685692996.962820 4.98236989975 -3.30090284348 0.0
1685692996.995820 4.97798109055 -3.29498791695 0.0
1685692997.037820 4.97257375717 -3.28781199455 0.0
1685692997.070820 4.96809720993 -3.28196287155 0.0
1685692997.110820 4.96272468567 -3.27504706383 0.0
1685692997.143820 4.95821332932 -3.26932120323 0.0
1685692997.214820 4.94843053818 -3.25714826584 0.0
1685692997.247820 4.94371271133 -3.25139355659 0.0
1685692997.280820 4.93908977509 -3.24582314491 0.0
1685692997.315820 4.9342007637 -3.24001312256 0.0
1685692997.348820 4.92948913574 -3.23448443413 0.0
1685692997.384820 4.92433214188 -3.22850370407 0.0
1685692997.417820 4.9195227623 -3.22299218178 0.0
1685692997.461820 4.91314935684 -3.21578884125 0.0
1685692997.527659 4.90829849243 -3.21038174629 0.0
1685692997.587659 4.899330616 -3.2005417347 0.0
1685692997.620659 4.89446401596 -3.19528579712 0.0
1685692997.690659 4.88399553299 -3.18417954445 0.0
1685692997.723659 4.87903594971 -3.17901134491 0.0
1685692997.756659 4.87404346466 -3.17387509346 0.0
1685692997.792659 4.86848115921 -3.16823363304 0.0
1685692997.826659 4.86318874359 -3.16293072701 0.0
1685692997.865659 4.85710716248 -3.15691375732 0.0
1685692997.898659 4.85190868378 -3.15183997154 0.0
1685692997.964659 4.8415389061 -3.14191913605 0.0
1685692997.997659 4.83620214462 -3.136916399 0.0
1685692998.040659 4.82924413681 -3.13049793243 0.0
1685692998.073659 4.8237528801 -3.12551355362 0.0
1685692998.136659 4.81353521347 -3.11639785767 0.0
1685692998.169659 4.8080201149 -3.11155414581 0.0
1685692998.202659 4.80257320404 -3.10682487488 0.0
1685692998.238659 4.79661083221 -3.10172438622 0.0
1685692998.271659 4.79107809067 -3.09705638885 0.0
1685692998.346659 4.77844429016 -3.08659720421 0.0
1685692998.379659 4.77278614044 -3.08200120926 0.0
1685692998.453659 4.76007652283 -3.07191681862 0.0
1685692998.486659 4.7542514801 -3.06740951538 0.0
1685692998.548659 4.74350070953 -3.05921792984 0.0
1685692998.581659 4.73765468597 -3.05482125282 0.0
1685692998.636659 4.72799539566 -3.04766321182 0.0
1685692998.669659 4.72212648392 -3.04338240623 0.0
1685692998.724659 4.71237039566 -3.03640031815 0.0
1685692998.757659 4.70636177063 -3.03218436241 0.0
1685692998.824659 4.69432115555 -3.02391934395 0.0
1685692998.857659 4.688164711 -3.01978445053 0.0
1685692998.898659 4.68071222305 -3.01485586166 0.0
1685692998.931659 4.67456150055 -3.0108499527 0.0
1685692998.987659 4.66422080994 -3.00423455238 0.0
1685692999.020659 4.65807199478 -3.00036644936 0.0
1685692999.053659 4.65194749832 -2.99655508995 0.0
1685692999.093659 4.64450740814 -2.99198365211 0.0
1685692999.126659 4.63834190369 -2.98823928833 0.0
1685692999.184659 4.62751436234 -2.98178601265 0.0
1685692999.217659 4.62124252319 -2.97812128067 0.0
1685692999.250659 4.61497116089 -2.97450637817 0.0
1685692999.283659 4.60861349106 -2.97088861465 0.0
1685692999.316659 4.60232496262 -2.96735453606 0.0
1685692999.357659 4.5945110321 -2.96302175522 0.0
1685692999.390659 4.58824920654 -2.95959639549 0.0
1685692999.423659 4.5818772316 -2.9561612606 0.0
1685692999.469659 4.5729970932 -2.95145916939 0.0
1685692999.502659 4.56646060944 -2.94806408882 0.0
1685692999.540659 4.55902099609 -2.94426751137 0.0
1685692999.573659 4.55246019363 -2.94097566605 0.0
1685692999.623659 4.54260110855 -2.93613147736 0.0
1685692999.656659 4.53610086441 -2.93300390244 0.0
1685692999.689659 4.52942371368 -2.92983579636 0.0
1685692999.728659 4.52167129517 -2.92621803284 0.0
1685692999.761659 4.51504611969 -2.9231774807 0.0
1685692999.802659 4.52330732346 -2.92690014839 0.0
1685692999.835659 4.51677751541 -2.92401766777 0.0
1685692999.904659 4.50280094147 -2.91801285744 0.0
1685692999.937659 4.49621534348 -2.91526079178 0.0
1685692999.970659 4.48956537247 -2.91253137589 0.0
1685693000.014659 4.48054456711 -2.90891361237 0.0
1685693000.066417 4.47378063202 -2.9062640667 0.0
1685693000.135417 4.45970392227 -2.90091204643 0.0
1685693000.168417 4.4529132843 -2.89840483665 0.0
1685693000.221417 4.44195699692 -2.89446592331 0.0
1685693000.254417 4.43519496918 -2.89210391045 0.0
1685693000.287417 4.42846679688 -2.88979768753 0.0
1685693000.326417 4.42040491104 -2.88708949089 0.0
1685693000.359417 4.41343259811 -2.8847951889 0.0
1685693000.417417 4.40135669708 -2.88092541695 0.0
1685693000.450417 4.39451932907 -2.87879014015 0.0
1685693000.494417 4.38522148132 -2.8759598732 0.0
1685693000.527417 4.37825584412 -2.87389969826 0.0
1685693000.566417 4.36991262436 -2.87149977684 0.0
1685693000.599417 4.36289262772 -2.86953544617 0.0
1685693000.632417 4.35586118698 -2.86761260033 0.0
1685693000.679417 4.34585618973 -2.86495423317 0.0
1685693000.712417 4.33879947662 -2.86312699318 0.0
1685693000.751417 4.33048152924 -2.86102199554 0.0
1685693000.784417 4.32342910767 -2.85928082466 0.0
1685693000.845417 4.31636810303 -2.85757565498 0.0
1685693000.851417 4.30917406082 -2.85588145256 0.0
1685693000.884417 4.30211830139 -2.85426402092 0.0
1685693000.930417 4.29235553741 -2.85210895538 0.0
1685693000.963417 4.28515100479 -2.85057854652 0.0
1685693001.008417 4.27560472488 -2.84862184525 0.0
1685693001.041417 4.26852750778 -2.84722518921 0.0
1685693001.091417 4.25773429871 -2.84518289566 0.0
1685693001.124417 4.25051164627 -2.8438744545 0.0
1685693001.157417 4.24353027344 -2.84265494347 0.0
1685693001.191417 4.2361664772 -2.84141898155 0.0
1685693001.224417 4.22891950607 -2.84025287628 0.0
1685693001.272417 4.21863651276 -2.8386797905 0.0
1685693001.305417 4.21144771576 -2.83763504028 0.0
1685693001.338417 4.20420265198 -2.83662629128 0.0
1685693001.372417 4.19675111771 -2.8356359005 0.0
1685693001.474417 4.17453575134 -2.83297204971 0.0
1685693001.507417 4.16733837128 -2.83220005035 0.0
1685693001.563417 4.15524864197 -2.83099937439 0.0
1685693001.596417 4.14788913727 -2.83031892776 0.0
1685693001.648417 4.13653993607 -2.82935595512 0.0
1685693001.681417 4.12929677963 -2.82880663872 0.0
1685693001.741417 4.1162405014 -2.8279299736 0.0
1685693001.774417 4.10888767242 -2.82749581337 0.0
1685693001.820417 4.09875202179 -2.82696509361 0.0
1685693001.853417 4.09147024155 -2.82662963867 0.0
1685693001.916417 4.07781219482 -2.82611393929 0.0
1685693001.949417 4.07047510147 -2.82590007782 0.0
1685693001.991417 4.06139087677 -2.82569909096 0.0
1685693002.024417 4.05412769318 -2.82558631897 0.0
1685693002.057417 4.04686403275 -2.82551002502 0.0
1685693002.094417 4.03884077072 -2.82547330856 0.0
1685693002.127417 4.03147554398 -2.8254840374 0.0
1685693002.160417 4.02421140671 -2.82554030418 0.0
1685693002.197417 4.01608753204 -2.82566261292 0.0
1685693002.230417 4.00879955292 -2.82581853867 0.0
1685693002.263417 4.00153827667 -2.82601499557 0.0
1685693002.296417 3.99435400963 -2.82625365257 0.0
1685693002.329417 3.98701953888 -2.82654309273 0.0
1685693002.368417 3.97862529755 -2.82693147659 0.0
1685693002.401417 3.97127008438 -2.82732105255 0.0
1685693002.441417 3.96265435219 -2.8278336525 0.0
1685693002.474417 3.95525431633 -2.8283188343 0.0
1685693002.515417 3.94651913643 -2.82894468307 0.0
1685693002.527393 3.93932747841 -2.82950639725 0.0
1685693002.560393 3.93196249008 -2.83012318611 0.0
1685693002.593393 3.92482805252 -2.83076190948 0.0
1685693002.626393 3.91752052307 -2.83145332336 0.0
1685693002.667393 3.90868139267 -2.83234572411 0.0
1685693002.700393 3.9013838768 -2.83313584328 0.0
1685693002.772393 3.88585042953 -2.83497619629 0.0
1685693002.805393 3.87862014771 -2.8359041214 0.0
1685693002.838393 3.87137031555 -2.83687663078 0.0
1685693002.879393 3.86249876022 -2.83813285828 0.0
1685693002.912393 3.85526394844 -2.83921217918 0.0
1685693002.945393 3.84791135788 -2.84035754204 0.0
1685693002.978393 3.84071588516 -2.84152388573 0.0
1685693003.011393 3.83352780342 -2.84273481369 0.0
1685693003.067393 3.82163572311 -2.84481811523 0.0
1685693003.100393 3.81436371803 -2.84613704681 0.0
1685693003.133393 3.80724906921 -2.84747195244 0.0
1685693003.166393 3.80016851425 -2.84885048866 0.0
1685693003.199393 3.79314661026 -2.85026431084 0.0
1685693003.246393 3.78306245804 -2.85236883163 0.0
1685693003.279393 3.77586221695 -2.85392022133 0.0
1685693003.312393 3.76889395714 -2.8554661274 0.0
1685693003.347393 3.7614941597 -2.85716843605 0.0
1685693003.380393 3.75440263748 -2.85885620117 0.0
1685693003.418393 3.74641442299 -2.86081981659 0.0
1685693003.451393 3.73924946785 -2.86263298988 0.0
1685693003.523393 3.72412443161 -2.86662101746 0.0
1685693003.556393 3.7171432972 -2.86853528023 0.0
1685693003.608393 3.70628094673 -2.87160801888 0.0
1685693003.641393 3.69933199883 -2.87363624573 0.0
1685693003.682393 3.69062781334 -2.8762447834 0.0
1685693003.715393 3.68373250961 -2.87836360931 0.0
1685693003.750393 3.67651319504 -2.88063406944 0.0
1685693003.783393 3.66962218285 -2.88285088539 0.0
1685693003.816393 3.66248011589 -2.88519620895 0.0
1685693003.866393 3.65207266808 -2.88871073723 0.0
1685693003.899393 3.64523434639 -2.89108514786 0.0
1685693003.937393 3.63736367226 -2.89388084412 0.0
1685693003.970393 3.63041567802 -2.89640045166 0.0
1685693004.033393 3.61744260788 -2.90123581886 0.0
1685693004.066393 3.61063528061 -2.90384292603 0.0
1685693004.099393 3.6038672924 -2.90648150444 0.0
1685693004.146393 3.59443950653 -2.91024065018 0.0
1685693004.179393 3.58778142929 -2.91295003891 0.0
1685693004.228393 3.57775568962 -2.91711974144 0.0
1685693004.261393 3.57121253014 -2.91990756989 0.0
1685693004.294393 3.56454873085 -2.92279934883 0.0
1685693004.339393 3.55533909798 -2.92688107491 0.0
1685693004.372393 3.54881238937 -2.9298324585 0.0
1685693004.425393 3.53840589523 -2.93464589119 0.0
1685693004.458393 3.5319545269 -2.93769955635 0.0
1685693004.518393 3.52011179924 -2.94344186783 0.0
1685693004.551393 3.51371741295 -2.94661331177 0.0
1685693004.635393 3.49721503258 -2.95503544807 0.0
1685693004.668393 3.49080705643 -2.95840263367 0.0
1685693004.740393 3.47680664062 -2.96592879295 0.0
1685693004.773393 3.47048377991 -2.96940135956 0.0
1685693004.836393 3.45836043358 -2.97619199753 0.0
1685693004.869393 3.45205259323 -2.97979474068 0.0
1685693004.922393 3.44203543663 -2.98562908173 0.0
1685693004.955393 3.43572306633 -2.98937487602 0.0
1685693004.989393 3.42938661575 -2.99317908287 0.0
1685693005.022393 3.42324376106 -2.99691224098 0.0
1685693005.055475 3.41499567032 -3.00200557709 0.0
1685693005.088475 3.40871477127 -3.00594854355 0.0
1685693005.131475 3.40081787109 -3.01098251343 0.0
1685693005.164475 3.39463233948 -3.01498103142 0.0
1685693005.207475 3.38690972328 -3.02005147934 0.0
1685693005.240475 3.38084602356 -3.02409720421 0.0
1685693005.273475 3.3748922348 -3.0281252861 0.0
1685693005.313475 3.36767840385 -3.03309059143 0.0
1685693005.346475 3.36172509193 -3.0372531414 0.0
1685693005.380475 3.35577630997 -3.04146623611 0.0
1685693005.413475 3.34983539581 -3.04573369026 0.0
1685693005.446475 3.34390473366 -3.05005860329 0.0
1685693005.480475 3.3380048275 -3.05442547798 0.0
1685693005.513475 3.33201241493 -3.0589222908 0.0
1685693005.561475 3.32365846634 -3.06528973579 0.0
1685693005.594475 3.31797337532 -3.06968855858 0.0
1685693005.627475 3.31225323677 -3.07416605949 0.0
1685693005.666475 3.30564951897 -3.07940340042 0.0
1685693005.699475 3.29998850822 -3.08395528793 0.0
1685693005.764475 3.28894329071 -3.09299898148 0.0
1685693005.797475 3.28341794014 -3.09759712219 0.0
1685693005.838475 3.27664422989 -3.10330605507 0.0
1685693005.871475 3.271007061 -3.10812473297 0.0
1685693005.929475 3.26145863533 -3.11643052101 0.0
1685693005.962475 3.25599932671 -3.12126088142 0.0
1685693006.020475 3.24660825729 -3.12970638275 0.0
1685693006.053475 3.24120783806 -3.13464021683 0.0
1685693006.092475 3.23498797417 -3.1404030323 0.0
1685693006.125475 3.22963881493 -3.14542937279 0.0
1685693006.172475 3.22216725349 -3.1525580883 0.0
1685693006.205475 3.21695041656 -3.15761303902 0.0
1685693006.276475 3.20590162277 -3.16854166985 0.0
1685693006.309475 3.20075416565 -3.17373871803 0.0
1685693006.342475 3.19560265541 -3.17900300026 0.0
1685693006.375475 3.19066429138 -3.18412137032 0.0
1685693006.408475 3.18558597565 -3.18945598602 0.0
1685693006.462475 3.17756414413 -3.19803357124 0.0
1685693006.495475 3.17256689072 -3.20347881317 0.0
1685693006.559475 3.16325283051 -3.21382474899 0.0
1685693006.592475 3.158441782 -3.21926736832 0.0
1685693006.628475 3.15331530571 -3.22514033318 0.0
1685693006.661475 3.14852309227 -3.23070001602 0.0
1685693006.703475 3.14263486862 -3.23762059212 0.0
1685693006.736475 3.13796305656 -3.24318313599 0.0
1685693006.769475 3.13327741623 -3.24883294106 0.0
1685693006.810475 3.12766957283 -3.25569081306 0.0
1685693006.843475 3.1231045723 -3.26134133339 0.0
1685693006.893475 3.116314888 -3.26987981796 0.0
1685693006.926475 3.11181211472 -3.27564454079 0.0
1685693006.972475 3.10573148727 -3.28354859352 0.0
1685693007.005475 3.10137104988 -3.28929495811 0.0
1685693007.044475 3.09625983238 -3.29612374306 0.0
1685693007.077475 3.09190273285 -3.30203080177 0.0
1685693007.110475 3.08756923676 -3.30798649788 0.0
1685693007.148475 3.08270597458 -3.31477713585 0.0
1685693007.181475 3.07844614983 -3.32081675529 0.0
1685693007.228475 3.07258915901 -3.32926034927 0.0
1685693007.261475 3.06842160225 -3.3353638649 0.0
1685693007.297475 3.06404995918 -3.34184885025 0.0
1685693007.330475 3.05999898911 -3.34793949127 0.0
1685693007.363475 3.05606842041 -3.3539276123 0.0
1685693007.419475 3.04943537712 -3.36422681808 0.0
1685693007.452475 3.04554104805 -3.37038874626 0.0
1685693007.526475 3.03708171844 -3.38411426544 0.0
1685693007.559475 3.0333533287 -3.39031910896 0.0
1685693007.603623 3.02771878242 -3.39986634254 0.0
1685693007.636623 3.02412962914 -3.4060652256 0.0
1685693007.698623 3.01747298241 -3.41782832146 0.0
1685693007.731623 3.01394438744 -3.4242067337 0.0
1685693007.836623 3.0031607151 -3.44438695908 0.0
1685693007.869623 2.99983882904 -3.45081853867 0.0
1685693007.968623 2.99011278152 -3.47032022476 0.0
1685693008.001623 2.9869761467 -3.47684431076 0.0
1685693008.059623 2.98152589798 -3.48843383789 0.0
1685693008.092623 2.97846102715 -3.49510335922 0.0
1685693008.125623 2.975471735 -3.50172400475 0.0
1685693008.164623 2.97198724747 -3.50959277153 0.0
1685693008.197623 2.96914029121 -3.51613807678 0.0
1685693008.253623 2.96429419518 -3.52752685547 0.0
1685693008.286623 2.96151256561 -3.53420996666 0.0
1685693008.319623 2.95880651474 -3.54081463814 0.0
1685693008.353623 2.95598816872 -3.54781079292 0.0
1685693008.386623 2.95329427719 -3.55461144447 0.0
1685693008.437623 2.94924211502 -3.5650935173 0.0
1685693008.470623 2.94670653343 -3.57181978226 0.0
1685693008.503623 2.94421052933 -3.57856082916 0.0
1685693008.549623 2.94081115723 -3.58796286583 0.0
1685693008.582623 2.93841290474 -3.59476613998 0.0
1685693008.615623 2.93602705002 -3.60168099403 0.0
1685693008.648623 2.93369460106 -3.60858726501 0.0
1685693008.681623 2.93143320084 -3.61543726921 0.0
1685693008.732623 2.92809939384 -3.62585091591 0.0
1685693008.765623 2.92590546608 -3.63290858269 0.0
1685693008.810623 2.92303562164 -3.6424062252 0.0
1685693008.843623 2.92093920708 -3.64954614639 0.0
1685693008.883623 2.9185552597 -3.65786767006 0.0
1685693008.916623 2.91661739349 -3.66478967667 0.0
1685693008.964623 2.91383552551 -3.67499732971 0.0
1685693008.997623 2.91198563576 -3.68199586868 0.0
1685693009.042623 2.90955233574 -3.6915102005 0.0
1685693009.075623 2.9078233242 -3.69848752022 0.0
1685693009.126623 2.90523099899 -3.70931839943 0.0
1685693009.159623 2.9036026001 -3.71637177467 0.0
1685693009.199623 2.90167927742 -3.72491550446 0.0
1685693009.232623 2.90012383461 -3.73201107979 0.0
1685693009.278623 2.89803409576 -3.74189138412 0.0
1685693009.311623 2.89658212662 -3.74900889397 0.0
1685693009.353623 2.89477849007 -3.75814700127 0.0
1685693009.386623 2.89341878891 -3.76525712013 0.0
1685693009.419623 2.89210820198 -3.77232480049 0.0
1685693009.452623 2.89083099365 -3.77947568893 0.0
1685693009.485623 2.8895881176 -3.78668403625 0.0
1685693009.531623 2.8879544735 -3.79659867287 0.0
1685693009.564623 2.88682556152 -3.80380010605 0.0
1685693009.597623 2.88575291634 -3.81093335152 0.0
1685693009.630623 2.88471508026 -3.81817412376 0.0
1685693009.663623 2.88372659683 -3.82544732094 0.0
1685693009.698623 2.88277244568 -3.83287835121 0.0
1685693009.731623 2.88189888 -3.84006428719 0.0
1685693009.769623 2.88092899323 -3.84853863716 0.0
1685693009.802623 2.88015222549 -3.85578656197 0.0
1685693009.849623 2.87915301323 -3.86591219902 0.0
1685693009.882623 2.87849807739 -3.87317228317 0.0
1685693009.919623 2.87783646584 -3.88111758232 0.0
1685693009.952623 2.87728404999 -3.88833522797 0.0
1685693009.987623 2.87674045563 -3.89606118202 0.0
1685693010.020623 2.87627482414 -3.90323424339 0.0
1685693010.053623 2.87583971024 -3.91051077843 0.0
1685693010.091778 2.87544393539 -3.91794157028 0.0
1685693010.124778 2.87510514259 -3.92514705658 0.0
1685693010.157778 2.874812603 -3.93235468864 0.0
1685693010.212778 2.87443256378 -3.94419407845 0.0
1685693010.245778 2.87425065041 -3.95153188705 0.0
1685693010.287778 2.87408828735 -3.96069288254 0.0
1685693010.320778 2.87401723862 -3.96800732613 0.0
1685693010.353778 2.87399220467 -3.97532200813 0.0
1685693010.388778 2.87401390076 -3.98281383514 0.0
1685693010.421778 2.87408018112 -3.99010300636 0.0
1685693010.480778 2.87431263924 -4.00318670273 0.0
1685693010.513778 2.8745136261 -4.0106253624 0.0
1685693010.583778 2.87507581711 -4.02597856522 0.0
1685693010.616778 2.87541484833 -4.03336143494 0.0
1685693010.649778 2.87579274178 -4.04064130783 0.0
1685693010.682778 2.87620735168 -4.04776668549 0.0
1685693010.715778 2.87666845322 -4.05488920212 0.0
1685693010.771778 2.87755990028 -4.06698036194 0.0
1685693010.804778 2.87815546989 -4.07424545288 0.0
1685693010.858778 2.87922787666 -4.08609294891 0.0
1685693010.891778 2.8799405098 -4.09327125549 0.0
1685693010.947778 2.88126301765 -4.1055264473 0.0
1685693010.980778 2.8820950985 -4.11266613007 0.0
1685693011.013778 2.88298201561 -4.1199016571 0.0
1685693011.048778 2.88394665718 -4.12735700607 0.0
1685693011.081778 2.8849272728 -4.13455486298 0.0
1685693011.114778 2.88594460487 -4.14169645309 0.0
1685693011.147778 2.88701152802 -4.14885616302 0.0
1685693011.180778 2.88810753822 -4.15590906143 0.0
1685693011.225778 2.88969039917 -4.16562700272 0.0
1685693011.258778 2.89091014862 -4.17278814316 0.0
1685693011.315778 2.89313030243 -4.18514442444 0.0
1685693011.348778 2.89448142052 -4.19228172302 0.0
1685693011.390778 2.89627170563 -4.20137071609 0.0
1685693011.423778 2.89773225784 -4.20853805542 0.0
1685693011.456778 2.89924740791 -4.21577167511 0.0
1685693011.490778 2.90082240105 -4.22307014465 0.0
1685693011.523778 2.90238499641 -4.23011255264 0.0
1685693011.560778 2.90418362617 -4.23798370361 0.0
1685693011.593778 2.90585374832 -4.24507951736 0.0
1685693011.650778 2.90880656242 -4.25717735291 0.0
1685693011.683778 2.91058897972 -4.2642455101 0.0
1685693011.727778 2.91299843788 -4.27355670929 0.0
1685693011.760778 2.91485667229 -4.28055286407 0.0
1685693011.822778 2.91849660873 -4.29377937317 0.0
1685693011.855778 2.92044115067 -4.30059432983 0.0
1685693011.913778 2.92402601242 -4.31273126602 0.0
1685693011.946778 2.92615675926 -4.31970262527 0.0
1685693012.000778 2.92968583107 -4.33093070984 0.0
1685693012.033778 2.93193626404 -4.33791732788 0.0
1685693012.076778 2.93485736847 -4.34678840637 0.0
1685693012.109778 2.93717765808 -4.35367202759 0.0
1685693012.142778 2.93955397606 -4.3605632782 0.0
1685693012.176778 2.94208192825 -4.36772346497 0.0
1685693012.209778 2.94455814362 -4.37457942963 0.0
1685693012.252778 2.94783759117 -4.38343238831 0.0
1685693012.285778 2.95036625862 -4.39010715485 0.0
1685693012.358778 2.95616865158 -4.40498685837 0.0
1685693012.391778 2.95886230469 -4.41170597076 0.0
1685693012.455778 2.96421670914 -4.42472028732 0.0
1685693012.488778 2.96699619293 -4.43129444122 0.0
1685693012.534778 2.9709982872 -4.44056653976 0.0
