1685693058.792879 8.49890613556 -8.73585128784 0.0
1685693058.825879 8.50366687775 -8.73009967804 0.0
1685693058.863879 8.50894737244 -8.72362804413 0.0
1685693058.896879 8.51348590851 -8.71798801422 0.0
1685693058.945879 8.52033138275 -8.70933246613 0.0
1685693058.978879 8.52478694916 -8.70359516144 0.0
1685693059.032879 8.53200054169 -8.69413566589 0.0
1685693059.065879 8.53640270233 -8.68826198578 0.0
1685693059.127879 8.54436206818 -8.67743206024 0.0
1685693059.160879 8.54839515686 -8.67182159424 0.0
1685693059.193879 8.55241107941 -8.66613578796 0.0
1685693059.249879 8.55892753601 -8.65670204163 0.0
1685693059.282879 8.56269550323 -8.65112304688 0.0
1685693059.374879 8.5729932785 -8.63526630402 0.0
1685693059.407879 8.57664108276 -8.62942695618 0.0
1685693059.454879 8.58160591125 -8.62127780914 0.0
1685693059.487879 8.58505439758 -8.61546611786 0.0
1685693059.527879 8.58925151825 -8.60821533203 0.0
1685693059.560879 8.59264945984 -8.60219860077 0.0
1685693059.603879 8.59693431854 -8.59441566467 0.0
1685693059.636879 8.60015296936 -8.58841609955 0.0
1685693059.669879 8.60335063934 -8.58231925964 0.0
1685693059.711879 8.60728263855 -8.57463550568 0.0
1685693059.744879 8.6103143692 -8.568567276 0.0
1685693059.792879 8.61465072632 -8.55964279175 0.0
1685693059.825879 8.61754894257 -8.55350971222 0.0
1685693059.879879 8.62215709686 -8.54345417023 0.0
1685693059.912879 8.62491416931 -8.53722858429 0.0
1685693059.945879 8.62765312195 -8.53088474274 0.0
1685693059.984879 8.63090419769 -8.52313613892 0.0
1685693060.017879 8.63357162476 -8.5165977478 0.0
1685693060.060879 8.63702964783 -8.50789451599 0.0
1685693060.093879 8.63967514038 -8.50107479095 0.0
1685693060.140879 8.64330863953 -8.49146270752 0.0
1685693060.173879 8.64580821991 -8.48466968536 0.0
1685693060.206879 8.64826393127 -8.47786045074 0.0
1685693060.240879 8.65078544617 -8.47072505951 0.0
1685693060.273879 8.6532125473 -8.46371746063 0.0
1685693060.332251 8.65781784058 -8.45001888275 0.0
1685693060.365251 8.66008663177 -8.44306468964 0.0
1685693060.398251 8.66232967377 -8.43604946136 0.0
1685693060.431251 8.66449165344 -8.42914104462 0.0
1685693060.498251 8.66878986359 -8.41491889954 0.0
1685693060.531251 8.67083644867 -8.40789604187 0.0
1685693060.585251 8.67404270172 -8.39651966095 0.0
1685693060.618251 8.67597293854 -8.38943767548 0.0
1685693060.668251 8.67878437042 -8.37881851196 0.0
1685693060.701251 8.68061065674 -8.37173557281 0.0
1685693060.734251 8.68238449097 -8.36469078064 0.0
1685693060.778251 8.68468570709 -8.35527420044 0.0
1685693060.811251 8.68639183044 -8.34808349609 0.0
1685693060.852251 8.68839740753 -8.33932495117 0.0
1685693060.885251 8.68998527527 -8.33213233948 0.0
1685693060.918251 8.69148921967 -8.32510280609 0.0
1685693060.961251 8.69337844849 -8.31595611572 0.0
1685693060.994251 8.69481182098 -8.30875778198 0.0
1685693061.036251 8.69653224945 -8.29980945587 0.0
1685693061.069251 8.6978559494 -8.29266738892 0.0
1685693061.126251 8.69999027252 -8.28057861328 0.0
1685693061.159251 8.70121383667 -8.27328968048 0.0
1685693061.192251 8.70239639282 -8.26599407196 0.0
1685693061.225251 8.70350933075 -8.25884151459 0.0
1685693061.258251 8.70460700989 -8.25148200989 0.0
1685693061.310251 8.70621681213 -8.24010467529 0.0
1685693061.343251 8.70721054077 -8.23265361786 0.0
1685693061.376251 8.70813369751 -8.22537231445 0.0
1685693061.410251 8.70903015137 -8.21795940399 0.0
1685693061.443251 8.70988750458 -8.21051692963 0.0
1685693061.513251 8.71151351929 -8.19508743286 0.0
1685693061.546251 8.71221542358 -8.18775558472 0.0
1685693061.597251 8.7131986618 -8.17658615112 0.0
1685693061.630251 8.71380519867 -8.16904258728 0.0
1685693061.687251 8.71469116211 -8.15662097931 0.0
1685693061.720251 8.71515083313 -8.14921951294 0.0
1685693061.753251 8.71555519104 -8.14194107056 0.0
1685693061.786251 8.71591854095 -8.13458442688 0.0
1685693061.819251 8.71623706818 -8.12727642059 0.0
1685693061.855251 8.71652317047 -8.11951160431 0.0
1685693061.888251 8.71674919128 -8.11199760437 0.0
1685693061.967251 8.71708965302 -8.09481525421 0.0
1685693062.000251 8.71716690063 -8.08737468719 0.0
1685693062.089251 8.71728038788 -8.06773376465 0.0
1685693062.094251 8.71727848053 -8.06651878357 0.0
1685693062.127251 8.71720027924 -8.05917930603 0.0
1685693062.201251 8.71683883667 -8.04290866852 0.0
1685693062.234251 8.71658802032 -8.03534507751 0.0
1685693062.294251 8.71605587006 -8.0222454071 0.0
1685693062.327251 8.71570014954 -8.01483821869 0.0
1685693062.384251 8.71500110626 -8.00242996216 0.0
1685693062.417251 8.71452617645 -7.99505472183 0.0
1685693062.466251 8.71375179291 -7.98414802551 0.0
1685693062.499251 8.71318435669 -7.97685527802 0.0
1685693062.532251 8.71256351471 -7.96941423416 0.0
1685693062.584251 8.7115316391 -7.95802021027 0.0
1685693062.617251 8.71082687378 -7.95079040527 0.0
1685693062.673251 8.7095489502 -7.93865776062 0.0
1685693062.706251 8.70872306824 -7.93136453629 0.0
1685693062.739251 8.70786190033 -7.9241771698 0.0
1685693062.774251 8.7068977356 -7.91659450531 0.0
1685693062.820690 8.70593643188 -7.90939426422 0.0
1685693062.873690 8.70425891876 -7.89764261246 0.0
1685693062.906690 8.70315647125 -7.89041137695 0.0
1685693062.959690 8.70127677917 -7.87874174118 0.0
1685693062.992690 8.7000579834 -7.87152910233 0.0
1685693063.029690 8.69863796234 -7.86345243454 0.0
1685693063.062690 8.6973323822 -7.85630655289 0.0
1685693063.100690 8.69576644897 -7.84807634354 0.0
1685693063.133690 8.69434642792 -7.84090089798 0.0
1685693063.166690 8.69286251068 -7.83363485336 0.0
1685693063.203690 8.69117450714 -7.8256354332 0.0
1685693063.236690 8.6896238327 -7.81851291656 0.0
1685693063.281690 8.68741321564 -7.80873680115 0.0
1685693063.314690 8.68574523926 -7.80164051056 0.0
1685693063.347690 8.6839761734 -7.79430818558 0.0
1685693063.380690 8.68220901489 -7.78715801239 0.0
1685693063.413690 8.6804265976 -7.78011608124 0.0
1685693063.464690 8.67765617371 -7.76946020126 0.0
1685693063.497690 8.67575645447 -7.76234388351 0.0
1685693063.548690 8.67274856567 -7.75141096115 0.0
1685693063.581690 8.6707611084 -7.74439764023 0.0
1685693063.616690 8.66861343384 -7.73698282242 0.0
1685693063.649690 8.66653060913 -7.72994470596 0.0
1685693063.682690 8.66441822052 -7.7229681015 0.0
1685693063.716690 8.66218471527 -7.71576356888 0.0
1685693063.749690 8.65997695923 -7.70878982544 0.0
1685693063.797690 8.65671062469 -7.69875335693 0.0
1685693063.830690 8.65441322327 -7.6918888092 0.0
1685693063.863690 8.65205383301 -7.68499183655 0.0
1685693063.896690 8.64964485168 -7.67811203003 0.0
1685693063.933690 8.64683246613 -7.67027425766 0.0
1685693063.966690 8.64432144165 -7.66343069077 0.0
1685693064.028690 8.63943481445 -7.65050363541 0.0
1685693064.061690 8.63674449921 -7.64359283447 0.0
1685693064.094690 8.63404655457 -7.63679361343 0.0
1685693064.137690 8.63042736053 -7.62788248062 0.0
1685693064.170690 8.62762832642 -7.62115192413 0.0
1685693064.203690 8.62475681305 -7.6143693924 0.0
1685693064.237690 8.6218214035 -7.60755872726 0.0
1685693064.270690 8.61888122559 -7.6008605957 0.0
1685693064.314690 8.61489105225 -7.59197044373 0.0
1685693064.347690 8.61184215546 -7.58532142639 0.0
1685693064.380690 8.60870838165 -7.57860040665 0.0
1685693064.414690 8.60556316376 -7.57196855545 0.0
1685693064.447690 8.60238933563 -7.56537818909 0.0
1685693064.486690 8.59857082367 -7.55758142471 0.0
1685693064.519690 8.59523868561 -7.55089950562 0.0
1685693064.563690 8.59082984924 -7.54220914841 0.0
1685693064.596690 8.58743190765 -7.53561735153 0.0
1685693064.631690 8.58385562897 -7.52877616882 0.0
1685693064.664690 8.58042430878 -7.52231645584 0.0
1685693064.727690 8.57384300232 -7.51010704041 0.0
1685693064.732690 8.57323551178 -7.50899648666 0.0
1685693064.765690 8.56964874268 -7.5025343895 0.0
1685693064.804690 8.56549167633 -7.49517345428 0.0
1685693064.837690 8.56178092957 -7.48872327805 0.0
1685693064.870690 8.55811786652 -7.48245000839 0.0
1685693064.906690 8.55405807495 -7.47558832169 0.0
1685693064.939690 8.55025577545 -7.46925115585 0.0
1685693064.999690 8.54334163666 -7.45796298981 0.0
1685693065.032690 8.53943824768 -7.45171689987 0.0
1685693065.110690 8.53019332886 -7.43728923798 0.0
1685693065.143690 8.52614974976 -7.43113327026 0.0
1685693065.205690 8.51855754852 -7.41979837418 0.0
1685693065.238690 8.51437664032 -7.41367340088 0.0
1685693065.333690 8.50234031677 -7.39654827118 0.0
1685693065.403110 8.49796772003 -7.39049577713 0.0
1685693065.469110 8.48931980133 -7.37879037857 0.0
1685693065.502110 8.48481655121 -7.37283468246 0.0
1685693065.538110 8.48002815247 -7.36658716202 0.0
1685693065.571110 8.47547340393 -7.36073493958 0.0
1685693065.616110 8.46927261353 -7.35292482376 0.0
1685693065.649110 8.46462726593 -7.34717655182 0.0
1685693065.694110 8.45827579498 -7.33942317963 0.0
1685693065.727110 8.45347499847 -7.33363819122 0.0
1685693065.767110 8.4477891922 -7.32687759399 0.0
1685693065.800110 8.44292545319 -7.32117938995 0.0
1685693065.833110 8.43807506561 -7.31556940079 0.0
1685693065.870110 8.43271923065 -7.30945968628 0.0
1685693065.903110 8.42781162262 -7.30393314362 0.0
1685693065.936110 8.42295837402 -7.29852867126 0.0
1685693065.971110 8.4177274704 -7.29278278351 0.0
1685693066.004110 8.41285228729 -7.28750038147 0.0
1685693066.047110 8.4064912796 -7.28069591522 0.0
1685693066.080110 8.40137767792 -7.27528953552 0.0
1685693066.113110 8.3962688446 -7.26994895935 0.0
1685693066.152110 8.39036369324 -7.26386404037 0.0
1685693066.185110 8.38521575928 -7.25863170624 0.0
1685693066.218110 8.38005542755 -7.25344753265 0.0
1685693066.258110 8.37379837036 -7.24724817276 0.0
1685693066.291110 8.36849498749 -7.24206495285 0.0
1685693066.338110 8.36099910736 -7.234852314 0.0
1685693066.371110 8.35572624207 -7.22985601425 0.0
1685693066.425110 8.34693336487 -7.22165679932 0.0
1685693066.458110 8.34156131744 -7.21672964096 0.0
1685693066.493110 8.33587265015 -7.21158599854 0.0
1685693066.526110 8.3303937912 -7.20670127869 0.0
1685693066.559110 8.32473373413 -7.2017159462 0.0
1685693066.594110 8.31896686554 -7.19669914246 0.0
1685693066.627110 8.3133392334 -7.19186925888 0.0
1685693066.675110 8.30515766144 -7.18496322632 0.0
1685693066.708110 8.29957008362 -7.18032169342 0.0
1685693066.786110 8.28611469269 -7.1693482399 0.0
1685693066.819110 8.2804851532 -7.16483831406 0.0
1685693066.852110 8.27453231812 -7.16012477875 0.0
1685693066.911110 8.26438903809 -7.15222358704 0.0
1685693066.944110 8.25862693787 -7.14780044556 0.0
1685693067.000110 8.24868965149 -7.14029502869 0.0
1685693067.033110 8.24283218384 -7.13595628738 0.0
1685693067.083110 8.23391437531 -7.12945652008 0.0
1685693067.116110 8.22793102264 -7.1251616478 0.0
1685693067.160110 8.21992969513 -7.11951160431 0.0
1685693067.193110 8.21381568909 -7.11527061462 0.0
1685693067.232110 8.20672893524 -7.11043357849 0.0
1685693067.265110 8.20063781738 -7.10633850098 0.0
1685693067.298110 8.19447994232 -7.10225105286 0.0
1685693067.331110 8.18838214874 -7.09825754166 0.0
1685693067.364110 8.18217468262 -7.09424638748 0.0
1685693067.409110 8.17371749878 -7.08886766434 0.0
1685693067.442110 8.16751670837 -7.08498668671 0.0
1685693067.483110 8.15971851349 -7.08017683029 0.0
1685693067.516110 8.15353298187 -7.07641649246 0.0
1685693067.559110 8.14532375336 -7.07150268555 0.0
1685693067.592110 8.13915157318 -7.06786870956 0.0
1685693067.625110 8.13278388977 -7.06416749954 0.0
1685693067.670110 8.12427711487 -7.05931138992 0.0
1685693067.703110 8.11783218384 -7.05569458008 0.0
1685693067.747110 8.10941505432 -7.05104160309 0.0
1685693067.780110 8.10292434692 -7.04750776291 0.0
1685693067.813110 8.0965051651 -7.0440530777 0.0
1685693067.850110 8.08926391602 -7.04020404816 0.0
1685693067.847453 8.08278656006 -7.03680562973 0.0
1685693067.891453 8.07410240173 -7.03232908249 0.0
1685693067.924453 8.06757831573 -7.02902173996 0.0
1685693067.957453 8.06101417542 -7.02573776245 0.0
1685693068.011453 8.05025959015 -7.02047729492 0.0
1685693068.044453 8.04361534119 -7.0172996521 0.0
1685693068.134453 8.0256319046 -7.00897121429 0.0
1685693068.167453 8.03235435486 -7.01198148727 0.0
1685693068.252453 8.01496315002 -7.00443553925 0.0
1685693068.285453 8.0082654953 -7.00162363052 0.0
1685693068.346453 7.99571037292 -6.9964838028 0.0
1685693068.379453 7.9889626503 -6.99379301071 0.0
1685693068.457453 7.97290277481 -6.98760318756 0.0
1685693068.490453 7.96607303619 -6.98505592346 0.0
1685693068.523453 7.95932483673 -6.98257923126 0.0
1685693068.556453 7.95244598389 -6.98009109497 0.0
1685693068.589453 7.94557762146 -6.97764968872 0.0
1685693068.637453 7.9355802536 -6.97418785095 0.0
1685693068.670453 7.92857789993 -6.97182416916 0.0
1685693068.705453 7.92124795914 -6.96940279007 0.0
1685693068.738453 7.91404771805 -6.96707248688 0.0
1685693068.796453 7.90175914764 -6.96320438385 0.0
1685693068.829453 7.89471483231 -6.96105384827 0.0
1685693068.867453 7.88663768768 -6.95864629745 0.0
1685693068.900453 7.87958908081 -6.95659780502 0.0
1685693068.964453 7.86577129364 -6.95272111893 0.0
1685693068.997453 7.85866212845 -6.95079517365 0.0
1685693069.036453 7.85043954849 -6.94862318039 0.0
1685693069.069453 7.84316015244 -6.94674634933 0.0
1685693069.127453 7.83073377609 -6.94364643097 0.0
1685693069.160453 7.82352209091 -6.94191789627 0.0
1685693069.201453 7.81491661072 -6.93992376328 0.0
1685693069.234453 7.80787849426 -6.93834257126 0.0
1685693069.276453 7.79885149002 -6.93637800217 0.0
1685693069.309453 7.79139614105 -6.93480873108 0.0
1685693069.360453 7.78055477142 -6.93261575699 0.0
1685693069.393453 7.77325057983 -6.93119335175 0.0
1685693069.452453 7.76058673859 -6.92882537842 0.0
1685693069.485453 7.75323724747 -6.92750883102 0.0
1685693069.518453 7.74602890015 -6.92626523972 0.0
1685693069.562453 7.73651313782 -6.92470312119 0.0
1685693069.595453 7.72908735275 -6.92353343964 0.0
1685693069.642453 7.71890068054 -6.92199993134 0.0
1685693069.675453 7.71158504486 -6.92095088959 0.0
1685693069.719453 7.70198059082 -6.91963481903 0.0
1685693069.752453 7.69460248947 -6.91866636276 0.0
1685693069.815453 7.68078660965 -6.91695785522 0.0
1685693069.848453 7.67326784134 -6.91609477997 0.0
1685693069.892453 7.66355323792 -6.91505765915 0.0
1685693069.925453 7.65619802475 -6.91433334351 0.0
1685693069.958453 7.64876317978 -6.91364240646 0.0
1685693069.998453 7.63998842239 -6.91287851334 0.0
1685693070.031453 7.63264656067 -6.91228818893 0.0
1685693070.070453 7.62408924103 -6.91165781021 0.0
1685693070.103453 7.61668920517 -6.91116762161 0.0
1685693070.149453 7.60650634766 -6.91057348251 0.0
1685693070.182453 7.59912490845 -6.91020488739 0.0
1685693070.223453 7.59009695053 -6.90982723236 0.0
1685693070.256453 7.58266019821 -6.90957164764 0.0
1685693070.289453 7.57529783249 -6.90936613083 0.0
1685693070.343962 7.56370782852 -6.90914344788 0.0
1685693070.376962 7.55636835098 -6.90906524658 0.0
1685693070.409962 7.54880046844 -6.9090294838 0.0
1685693070.442962 7.54156160355 -6.9090423584 0.0
1685693070.485962 7.53204536438 -6.90913581848 0.0
1685693070.518962 7.52470636368 -6.909263134 0.0
1685693070.574962 7.51225805283 -6.90959787369 0.0
1685693070.607962 7.50499868393 -6.90985870361 0.0
1685693070.640962 7.49771547318 -6.91016101837 0.0
1685693070.673962 7.49033260345 -6.91050624847 0.0
1685693070.707962 7.48264837265 -6.91090345383 0.0
1685693070.740962 7.47529506683 -6.91132211685 0.0
1685693070.802962 7.46185922623 -6.91221380234 0.0
1685693070.835962 7.45461606979 -6.91276454926 0.0
1685693070.868962 7.44707345963 -6.91338396072 0.0
1685693070.909962 7.4380979538 -6.9141793251 0.0
1685693070.942962 7.43073987961 -6.91487503052 0.0
1685693070.975962 7.42328548431 -6.91562366486 0.0
1685693071.028962 7.41168451309 -6.91687440872 0.0
1685693071.061962 7.404317379 -6.91772317886 0.0
1685693071.123962 7.39060211182 -6.91941690445 0.0
1685693071.156962 7.38334989548 -6.92037010193 0.0
1685693071.209962 7.3715929985 -6.92201089859 0.0
1685693071.242962 7.36430740356 -6.92309188843 0.0
1685693071.306962 7.35016012192 -6.92534542084 0.0
1685693071.339962 7.34292459488 -6.92657899857 0.0
1685693071.391962 7.3315410614 -6.92862987518 0.0
1685693071.424962 7.32427978516 -6.93000745773 0.0
1685693071.495962 7.30864524841 -6.93314218521 0.0
1685693071.528962 7.30146408081 -6.93466043472 0.0
1685693071.576962 7.29093313217 -6.93697547913 0.0
1685693071.609962 7.2837023735 -6.93862295151 0.0
1685693071.642962 7.27653074265 -6.9403014183 0.0
1685693071.675962 7.2693696022 -6.94202470779 0.0
1685693071.712962 7.26150798798 -6.94397354126 0.0
1685693071.745962 7.25437021255 -6.945789814 0.0
1685693071.789962 7.24496507645 -6.94824028015 0.0
1685693071.822962 7.23784685135 -6.95013284683 0.0
1685693071.859962 7.22990846634 -6.9522895813 0.0
1685693071.892962 7.22271442413 -6.95428848267 0.0
1685693071.925962 7.21567869186 -6.95628929138 0.0
1685693071.958962 7.2086596489 -6.95834875107 0.0
1685693071.991962 7.20151185989 -6.96050786972 0.0
1685693072.037962 7.1916308403 -6.96359491348 0.0
1685693072.070962 7.18474435806 -6.96582555771 0.0
1685693072.112962 7.17578840256 -6.96881246567 0.0
1685693072.145962 7.16874456406 -6.97121191025 0.0
1685693072.178962 7.16147422791 -6.97373104095 0.0
1685693072.220962 7.15276861191 -6.97682285309 0.0
1685693072.253962 7.1459197998 -6.97931957245 0.0
1685693072.289962 7.13837814331 -6.98213148117 0.0
1685693072.322962 7.13139867783 -6.98478507996 0.0
1685693072.356962 7.12412881851 -6.9875998497 0.0
1685693072.389962 7.11732578278 -6.9902882576 0.0
1685693072.427962 7.10969924927 -6.99337148666 0.0
1685693072.460962 7.10289144516 -6.99618196487 0.0
1685693072.502962 7.09442949295 -6.99976110458 0.0
1685693072.535962 7.08769798279 -7.00268697739 0.0
1685693072.595962 7.07551813126 -7.00812482834 0.0
1685693072.628962 7.06865692139 -7.01125764847 0.0
1685693072.668962 7.06064987183 -7.01498794556 0.0
1685693072.701962 7.05404281616 -7.01812696457 0.0
1685693072.743962 7.04563331604 -7.02219057083 0.0
1685693072.776962 7.03902339935 -7.02543973923 0.0
1685693072.822962 7.02988100052 -7.03001976013 0.0
1685693072.848844 7.02325391769 -7.03340387344 0.0
1685693072.898844 7.01353406906 -7.03846693039 0.0
1685693072.931844 7.006939888 -7.04196977615 0.0
1685693072.975844 6.99841499329 -7.04658508301 0.0
1685693073.008844 6.99180936813 -7.05022573471 0.0
1685693073.041844 6.98546743393 -7.05376815796 0.0
1685693073.074844 6.97910642624 -7.05738019943 0.0
1685693073.107844 6.97263908386 -7.06111192703 0.0
1685693073.140844 6.96637201309 -7.06478500366 0.0
1685693073.173844 6.95997571945 -7.06858730316 0.0
1685693073.207844 6.9534497261 -7.07251787186 0.0
1685693073.240844 6.94699192047 -7.07646369934 0.0
1685693073.291844 6.93757867813 -7.08232021332 0.0
1685693073.324844 6.93129110336 -7.08629989624 0.0
1685693073.358844 6.92490053177 -7.09040117264 0.0
1685693073.391844 6.91864585876 -7.09447908401 0.0
1685693073.430844 6.91158056259 -7.09916687012 0.0
1685693073.463844 6.90539312363 -7.10334634781 0.0
1685693073.496844 6.8994011879 -7.10745334625 0.0
1685693073.529844 6.89339399338 -7.1116271019 0.0
1685693073.564844 6.88710641861 -7.11606216431 0.0
1685693073.597844 6.88101577759 -7.12042474747 0.0
1685693073.630844 6.87495517731 -7.12482881546 0.0
1685693073.670844 6.86780834198 -7.13010597229 0.0
1685693073.703844 6.86195898056 -7.13449811935 0.0
1685693073.777844 6.84889650345 -7.14454174042 0.0
1685693073.810844 6.84299087524 -7.14919281006 0.0
1685693073.843844 6.83721590042 -7.15380477905 0.0
1685693073.884844 6.82997846603 -7.15966796875 0.0
1685693073.917844 6.82387208939 -7.16467571259 0.0
1685693073.960844 6.81595849991 -7.171230793 0.0
1685693073.993844 6.80981731415 -7.1763548851 0.0
1685693074.047844 6.80015182495 -7.18448495865 0.0
1685693074.080844 6.79405641556 -7.18966341019 0.0
1685693074.113844 6.78812932968 -7.19472694397 0.0
1685693074.170844 6.77795886993 -7.2034740448 0.0
1685693074.203844 6.7719373703 -7.20869970322 0.0
1685693074.256844 6.76249933243 -7.21697807312 0.0
1685693074.289844 6.75664567947 -7.22216463089 0.0
1685693074.351844 6.74566602707 -7.231985569 0.0
1685693074.384844 6.73970651627 -7.23735809326 0.0
1685693074.456844 6.72717523575 -7.24878406525 0.0
1685693074.489844 6.72139072418 -7.25412273407 0.0
1685693074.522844 6.71557426453 -7.25953865051 0.0
1685693074.563844 6.70853471756 -7.26616621017 0.0
1685693074.596844 6.70269966125 -7.27171039581 0.0
1685693074.644844 6.69454956055 -7.27952098846 0.0
1685693074.677844 6.68890762329 -7.28497409821 0.0
1685693074.710844 6.68319654465 -7.29053735733 0.0
1685693074.755844 6.67578220367 -7.29783439636 0.0
1685693074.788844 6.6701631546 -7.30341911316 0.0
1685693074.842844 6.66103172302 -7.31257867813 0.0
1685693074.875844 6.65553617477 -7.31814336777 0.0
1685693074.908844 6.64995384216 -7.32383584976 0.0
1685693074.945844 6.64395332336 -7.33000421524 0.0
1685693074.978844 6.63860750198 -7.3355383873 0.0
1685693075.016844 6.63222455978 -7.34218215942 0.0
1685693075.049844 6.62680912018 -7.34785985947 0.0
1685693075.118844 6.61557292938 -7.35977315903 0.0
1685693075.151844 6.6101474762 -7.36558055878 0.0
1685693075.191844 6.6035399437 -7.37270832062 0.0
1685693075.224844 6.5981631279 -7.3785610199 0.0
1685693075.290844 6.58756685257 -7.39020442963 0.0
1685693075.323844 6.58226394653 -7.39609050751 0.0
1685693075.358616 6.5754609108 -7.40372467041 0.0
1685693075.391616 6.57023763657 -7.40964746475 0.0
1685693075.441616 6.56239748001 -7.41862821579 0.0
1685693075.474616 6.55732107162 -7.42451095581 0.0
1685693075.507616 6.55227088928 -7.43041658401 0.0
1685693075.540616 6.54698324203 -7.4366517067 0.0
1685693075.573616 6.54193592072 -7.44265937805 0.0
1685693075.622616 6.53451061249 -7.45159435272 0.0
1685693075.655616 6.52953863144 -7.45763158798 0.0
1685693075.688616 6.52455663681 -7.4637260437 0.0
1685693075.721616 6.5196518898 -7.46978521347 0.0
1685693075.754616 6.5147895813 -7.47584629059 0.0
1685693075.792616 6.50916528702 -7.48291826248 0.0
1685693075.825616 6.50437021255 -7.48900032043 0.0
1685693075.860616 6.49922227859 -7.49557781219 0.0
1685693075.893616 6.49446821213 -7.50169229507 0.0
1685693075.926616 6.4897851944 -7.50776576996 0.0
1685693075.960616 6.48508930206 -7.51392507553 0.0
1685693075.993616 6.4805970192 -7.51988935471 0.0
1685693076.026616 6.47612476349 -7.52590036392 0.0
1685693076.059616 6.4717669487 -7.53183841705 0.0
1685693076.092616 6.46743249893 -7.53782463074 0.0
1685693076.145616 6.46060037613 -7.54740810394 0.0
1685693076.178616 6.4563369751 -7.55347633362 0.0
1685693076.233616 6.44936990738 -7.56352186203 0.0
1685693076.266616 6.44523859024 -7.56955814362 0.0
1685693076.299616 6.44105625153 -7.57574319839 0.0
1685693076.332616 6.43689775467 -7.58197546005 0.0
1685693076.365616 6.43281841278 -7.58816862106 0.0
1685693076.398616 6.42882108688 -7.59432506561 0.0
1685693076.432616 6.42485332489 -7.60053062439 0.0
1685693076.466616 6.42079591751 -7.60697889328 0.0
1685693076.499616 6.41693162918 -7.61321926117 0.0
1685693076.538616 6.41236257553 -7.62071990967 0.0
1685693076.571616 6.40860033035 -7.62699317932 0.0
1685693076.624616 6.40272188187 -7.6369843483 0.0
1685693076.657616 6.39901304245 -7.64340639114 0.0
1685693076.690616 6.39545249939 -7.64965105057 0.0
1685693076.723616 6.39181613922 -7.65611410141 0.0
1685693076.769616 6.38692378998 -7.66497802734 0.0
1685693076.802616 6.38336133957 -7.67156887054 0.0
1685693076.839616 6.37956285477 -7.67872238159 0.0
1685693076.872616 6.37609481812 -7.68536329269 0.0
1685693076.917616 6.37153053284 -7.69425821304 0.0
1685693076.950616 6.36819505692 -7.70088195801 0.0
1685693076.999616 6.36344718933 -7.71050643921 0.0
1685693077.032616 6.36016273499 -7.7172961235 0.0
1685693077.094616 6.35433101654 -7.7296295166 0.0
1685693077.127616 6.35113811493 -7.73654699326 0.0
1685693077.189616 6.34557390213 -7.74897527695 0.0
1685693077.222616 6.34258842468 -7.75584697723 0.0
1685693077.290616 6.3367061615 -7.76971054077 0.0
1685693077.323616 6.33385038376 -7.77660942078 0.0
1685693077.374616 6.32966852188 -7.7869310379 0.0
1685693077.407616 6.3269329071 -7.79382419586 0.0
1685693077.499616 6.31963825226 -7.81279420853 0.0
1685693077.532616 6.3170800209 -7.81967401505 0.0
1685693077.586616 6.31305027008 -7.83078575134 0.0
1685693077.619616 6.3105225563 -7.83794593811 0.0
1685693077.652616 6.30810928345 -7.84493160248 0.0
1685693077.687616 6.3056344986 -7.85227060318 0.0
1685693077.720616 6.30332517624 -7.85929107666 0.0
1685693077.763616 6.30047130585 -7.86818408966 0.0
1685693077.796616 6.29821157455 -7.87538051605 0.0
1685693077.822271 6.29605913162 -7.88237142563 0.0
1685693077.862271 6.29357528687 -7.89066362381 0.0
1685693077.895271 6.29151391983 -7.89773464203 0.0
1685693077.945271 6.28848934174 -7.90840005875 0.0
1685693077.978271 6.28650093079 -7.91559696198 0.0
1685693078.011271 6.28458404541 -7.92268228531 0.0
1685693078.048271 6.28250455856 -7.93056249619 0.0
1685693078.081271 6.28066158295 -7.93774604797 0.0
1685693078.121271 6.27852296829 -7.94636869431 0.0
1685693078.154271 6.27680683136 -7.95350551605 0.0
1685693078.187271 6.27510261536 -7.96077489853 0.0
1685693078.230271 6.27299785614 -7.97005605698 0.0
1685693078.263271 6.27141523361 -7.97727537155 0.0
1685693078.317271 6.26893091202 -7.98911619186 0.0
1685693078.350271 6.26749563217 -7.9963145256 0.0
1685693078.383271 6.26608467102 -8.00364685059 0.0
1685693078.416271 6.26474380493 -8.01083755493 0.0
1685693078.449271 6.26342344284 -8.0181350708 0.0
1685693078.495271 6.2616558075 -8.02830982208 0.0
1685693078.528271 6.26046705246 -8.0355014801 0.0
1685693078.561271 6.25931692123 -8.04277610779 0.0
1685693078.594271 6.25819158554 -8.05020904541 0.0
1685693078.633271 6.2569861412 -8.05855083466 0.0
1685693078.666271 6.25600004196 -8.06572246552 0.0
1685693078.709271 6.25480175018 -8.07508659363 0.0
1685693078.742271 6.25398397446 -8.08202457428 0.0
1685693078.808271 6.25255060196 -8.095744133 0.0
1685693078.841271 6.25193929672 -8.10249996185 0.0
1685693078.874271 6.25137901306 -8.1094379425 0.0
1685693078.907271 6.25088500977 -8.11640644073 0.0
1685693078.962271 6.25022602081 -8.12780284882 0.0
1685693078.995271 6.24992465973 -8.13452911377 0.0
1685693079.052271 6.24954986572 -8.1463432312 0.0
1685693079.085271 6.24941921234 -8.15335273743 0.0
1685693079.147271 6.24935865402 -8.16615962982 0.0
1685693079.180271 6.24941682816 -8.17304420471 0.0
1685693079.213271 6.24953651428 -8.18007946014 0.0
1685693079.254271 6.24976205826 -8.18850517273 0.0
1685693079.287271 6.25000953674 -8.19536018372 0.0
1685693079.320271 6.25031709671 -8.20221233368 0.0
1685693079.356271 6.25073194504 -8.2098197937 0.0
1685693079.389271 6.2511715889 -8.21661376953 0.0
1685693079.446271 6.25208997726 -8.2284488678 0.0
1685693079.479271 6.25269412994 -8.23523044586 0.0
1685693079.518271 6.25350236893 -8.24341678619 0.0
1685693079.551271 6.25426101685 -8.25033569336 0.0
1685693079.596271 6.25539112091 -8.2596321106 0.0
1685693079.629271 6.2563123703 -8.2665309906 0.0
1685693079.662271 6.25729608536 -8.27339553833 0.0
1685693079.707271 6.25872802734 -8.28270149231 0.0
1685693079.740271 6.25984954834 -8.2895450592 0.0
1685693079.802271 6.26209878922 -8.30215358734 0.0
1685693079.835271 6.26337242126 -8.3087387085 0.0
1685693079.868271 6.26467514038 -8.31513786316 0.0
1685693079.903271 6.26611804962 -8.32181739807 0.0
1685693079.936271 6.26754140854 -8.32803440094 0.0
1685693079.972271 6.26918983459 -8.33482265472 0.0
1685693080.005271 6.27074861526 -8.34087657928 0.0
1685693080.060271 6.27352237701 -8.35111236572 0.0
1685693080.073271 6.27421569824 -8.35354614258 0.0
1685693080.106271 6.27604532242 -8.3596830368 0.0
1685693080.198271 6.28150558472 -8.37659168243 0.0
1685693080.231271 6.28354597092 -8.38244724274 0.0
1685693080.313271 6.28902673721 -8.39720535278 0.0
1685693080.346271 6.29131364822 -8.40302371979 0.0
1685693080.397051 6.29490756989 -8.41183567047 0.0
1685693080.430051 6.29737043381 -8.41763687134 0.0
1685693080.505051 6.30331659317 -8.43086528778 0.0
1685693080.538051 6.3060874939 -8.4366941452 0.0
1685693080.597051 6.31110811234 -8.44683265686 0.0
1685693080.630051 6.314037323 -8.4525270462 0.0
1685693080.665051 6.31718158722 -8.45845222473 0.0
1685693080.698051 6.32028150558 -8.46411323547 0.0
1685693080.737051 6.3238940239 -8.47050285339 0.0
1685693080.770051 6.32718276978 -8.47614479065 0.0
1685693080.803051 6.33051347733 -8.48170280457 0.0
1685693080.845051 6.33472156525 -8.48850440979 0.0
1685693080.878051 6.33813714981 -8.49386119843 0.0
1685693080.928051 6.34347677231 -8.50192165375 0.0
1685693080.961051 6.34721851349 -8.50736618042 0.0
1685693081.016051 6.35329771042 -8.51590061188 0.0
1685693081.049051 6.35720491409 -8.52119636536 0.0
1685693081.111051 6.36450099945 -8.53072071075 0.0
1685693081.144051 6.36848735809 -8.53573226929 0.0
1685693081.190051 6.37404584885 -8.54249954224 0.0
1685693081.223051 6.37825298309 -8.54746055603 0.0
1685693081.264051 6.3834400177 -8.55341529846 0.0
1685693081.297051 6.38774251938 -8.55822658539 0.0
1685693081.330051 6.39208507538 -8.56296730042 0.0
1685693081.376051 6.39808273315 -8.56931400299 0.0
1685693081.409051 6.40251779556 -8.57386302948 0.0
1685693081.468051 6.41053390503 -8.58181095123 0.0
1685693081.501051 6.41513729095 -8.58622550964 0.0
1685693081.534051 6.41988134384 -8.59067630768 0.0
1685693081.571051 6.42501544952 -8.59537601471 0.0
1685693081.604051 6.42977619171 -8.59962081909 0.0
1685693081.657051 6.43740653992 -8.60619831085 0.0
1685693081.690051 6.4424200058 -8.61038303375 0.0
1685693081.730051 6.44839191437 -8.615234375 0.0
1685693081.763051 6.45346069336 -8.61923027039 0.0
1685693081.803051 6.45953655243 -8.62386798859 0.0
1685693081.836051 6.46474599838 -8.62772083282 0.0
1685693081.883051 6.47207355499 -8.63296413422 0.0
1685693081.916051 6.47744226456 -8.6366815567 0.0
1685693081.957051 6.48401832581 -8.64109897614 0.0
1685693081.990051 6.48965597153 -8.64477920532 0.0
1685693082.030051 6.49638080597 -8.64906215668 0.0
1685693082.063051 6.50220537186 -8.65268516541 0.0
1685693082.096051 6.50827884674 -8.65638637543 0.0
1685693082.129051 6.51414823532 -8.65988731384 0.0
1685693082.162051 6.5199637413 -8.66327953339 0.0
1685693082.195051 6.52598619461 -8.66671848297 0.0
1685693082.246051 6.53530073166 -8.67189407349 0.0
1685693082.279051 6.54135894775 -8.67516422272 0.0
1685693082.323051 6.54935693741 -8.67936897278 0.0
1685693082.356051 6.55552721024 -8.68253517151 0.0
1685693082.404051 6.56440591812 -8.68696308136 0.0
1685693082.437051 6.57067108154 -8.68999576569 0.0
1685693082.470051 6.57698583603 -8.69298267365 0.0
1685693082.505051 6.58387994766 -8.69616508484 0.0
1685693082.538051 6.59054708481 -8.69917488098 0.0
1685693082.597051 6.6025929451 -8.70447826385 0.0
1685693082.630051 6.60938167572 -8.70739936829 0.0
1685693082.663051 6.61623477936 -8.71029853821 0.0
1685693082.703051 6.62439584732 -8.71367835999 0.0
1685693082.736051 6.63110494614 -8.71639633179 0.0
1685693082.779051 6.64002418518 -8.71992778778 0.0
1685693082.812051 6.64689445496 -8.72258281708 0.0
1685693082.879051 6.66092252731 -8.72784805298 0.0
1685693082.944964 6.66791200638 -8.7304019928 0.0
1685693082.987964 6.67706298828 -8.73367595673 0.0
1685693083.020964 6.68422985077 -8.73618412018 0.0
1685693083.076964 6.69649219513 -8.7403755188 0.0
1685693083.109964 6.70395708084 -8.74287319183 0.0
1685693083.165964 6.71689033508 -8.74713516235 0.0
1685693083.198964 6.72456789017 -8.74963474274 0.0
1685693083.243964 6.73506689072 -8.75303268433 0.0
1685693083.276964 6.7426571846 -8.75547218323 0.0
1685693083.369964 6.76448345184 -8.76233768463 0.0
1685693083.402964 6.77222633362 -8.7647151947 0.0
1685693083.514964 6.79865169525 -8.77264213562 0.0
1685693083.547964 6.80640029907 -8.77491188049 0.0
1685693083.596964 6.81792449951 -8.77824783325 0.0
1685693083.629964 6.82583141327 -8.78051662445 0.0
1685693083.681964 6.83805274963 -8.78399181366 0.0
1685693083.714964 6.84563064575 -8.78612232208 0.0
1685693083.761964 6.85687303543 -8.78924465179 0.0
1685693083.794964 6.86470842361 -8.7913942337 0.0
1685693083.830964 6.87313604355 -8.79367923737 0.0
1685693083.863964 6.88083600998 -8.79574871063 0.0
1685693083.907964 6.89127922058 -8.79853057861 0.0
1685693083.940964 6.89913606644 -8.80060005188 0.0
1685693084.019964 6.91773605347 -8.80540657043 0.0
1685693084.052964 6.92556381226 -8.80738639832 0.0
1685693084.085964 6.93334627151 -8.80933761597 0.0
1685693084.118964 6.94135284424 -8.81133174896 0.0
1685693084.151964 6.9490442276 -8.81323051453 0.0
1685693084.205964 6.96180152893 -8.81636238098 0.0
1685693084.238964 6.96967029572 -8.81828212738 0.0
1685693084.293964 6.98285579681 -8.82147598267 0.0
1685693084.326964 6.99070501328 -8.82336711884 0.0
1685693084.364964 6.99971389771 -8.82552528381 0.0
1685693084.397964 7.00764322281 -8.82740879059 0.0
1685693084.463964 7.02334308624 -8.83107757568 0.0
1685693084.496964 7.03123760223 -8.83288764954 0.0
1685693084.536964 7.04074335098 -8.83503341675 0.0
1685693084.569964 7.04879808426 -8.83682250977 0.0
1685693084.609964 7.05824232101 -8.83889389038 0.0
1685693084.642964 7.06633043289 -8.84065055847 0.0
1685693084.675964 7.07420063019 -8.84233665466 0.0
1685693084.708964 7.08217573166 -8.84401512146 0.0
1685693084.741964 7.09010648727 -8.84566020966 0.0
1685693084.785964 7.10037183762 -8.84776210785 0.0
1685693084.818964 7.10831022263 -8.8493680954 0.0
1685693084.855964 7.11697149277 -8.85110378265 0.0
1685693084.888964 7.12508916855 -8.85271930695 0.0
1685693084.921964 7.13296031952 -8.85427474976 0.0
1685693084.955964 7.1409330368 -8.85583782196 0.0
1685693084.988964 7.14890766144 -8.85739135742 0.0
1685693085.025964 7.15770483017 -8.85909080505 0.0
1685693085.058964 7.16571092606 -8.86061573029 0.0
1685693085.091964 7.17369604111 -8.86211585999 0.0
1685693085.133964 7.18375205994 -8.86396884918 0.0
1685693085.166964 7.1918964386 -8.865442276 0.0
1685693085.211964 7.20255899429 -8.86735630035 0.0
1685693085.244964 7.21075630188 -8.86882209778 0.0
1685693085.288964 7.22114992142 -8.87065887451 0.0
1685693085.321964 7.2293047905 -8.87207317352 0.0
1685693085.365964 7.2398815155 -8.8738899231 0.0
1685693085.398964 7.2478890419 -8.87526512146 0.0
1685693085.434628 7.26465606689 -8.87812137604 0.0
1685693085.467628 7.27259254456 -8.87946033478 0.0
1685693085.512628 7.283452034 -8.88127422333 0.0
1685693085.545628 7.2913684845 -8.88258075714 0.0
1685693085.578628 7.29921197891 -8.8838634491 0.0
1685693085.618628 7.30885696411 -8.88542175293 0.0
1685693085.651628 7.31690454483 -8.88671016693 0.0
1685693085.693628 7.32675361633 -8.88827514648 0.0
1685693085.726628 7.33475351334 -8.88953971863 0.0
1685693085.776628 7.34658098221 -8.89139461517 0.0
1685693085.809628 7.35458421707 -8.89263820648 0.0
1685693085.873628 7.36996841431 -8.89500999451 0.0
1685693085.906628 7.37794876099 -8.89623641968 0.0
1685693085.944628 7.38705539703 -8.8976316452 0.0
1685693085.977628 7.39506340027 -8.89884567261 0.0
1685693086.010628 7.40327358246 -8.9000749588 0.0
1685693086.044628 7.41128540039 -8.90126132965 0.0
1685693086.077628 7.41947412491 -8.90246391296 0.0
1685693086.114628 7.42814016342 -8.90372467041 0.0
1685693086.147628 7.43625736237 -8.9048910141 0.0
1685693086.236628 7.457862854 -8.90792655945 0.0
1685693086.269628 7.4658870697 -8.90902900696 0.0
1685693086.345628 7.48422622681 -8.91147994995 0.0
1685693086.378628 7.49230861664 -8.91252708435 0.0
1685693086.425628 7.50353288651 -8.91394805908 0.0
1685693086.458628 7.51154613495 -8.9149389267 0.0
1685693086.519628 7.52629899979 -8.91669845581 0.0
1685693086.552628 7.53442049026 -8.91763496399 0.0
1685693086.607628 7.54772615433 -8.91912841797 0.0
1685693086.640628 7.55580282211 -8.92001247406 0.0
1685693086.683628 7.56629753113 -8.92113494873 0.0
1685693086.716628 7.57420301437 -8.92195129395 0.0
1685693086.782628 7.590321064 -8.92356491089 0.0
1685693086.815628 7.59845781326 -8.92436027527 0.0
1685693086.871628 7.61209058762 -8.92564582825 0.0
1685693086.904628 7.62013101578 -8.92638015747 0.0
1685693086.937628 7.62824773788 -8.92711353302 0.0
1685693086.998628 7.6429977417 -8.92840671539 0.0
1685693087.031628 7.65069055557 -8.92904949188 0.0
1685693087.064628 7.65853738785 -8.92967319489 0.0
1685693087.110628 7.66901254654 -8.93045043945 0.0
1685693087.143628 7.67651176453 -8.93096923828 0.0
1685693087.176628 7.68398809433 -8.93145084381 0.0
1685693087.210628 7.69174480438 -8.93191051483 0.0
1685693087.243628 7.69922590256 -8.93231678009 0.0
1685693087.277628 7.7071890831 -8.93270778656 0.0
1685693087.310628 7.71495199203 -8.93304634094 0.0
1685693087.343628 7.72238779068 -8.93333244324 0.0
1685693087.401628 7.73549222946 -8.93374729156 0.0
1685693087.434628 7.74325990677 -8.93394374847 0.0
1685693087.478628 7.75333166122 -8.93414592743 0.0
1685693087.511628 7.76094913483 -8.93426322937 0.0
1685693087.544628 7.76856708527 -8.93434810638 0.0
1685693087.580628 7.77676773071 -8.93439006805 0.0
1685693087.613628 7.78431034088 -8.93438434601 0.0
1685693087.661628 7.79534578323 -8.93430995941 0.0
1685693087.694628 7.8029384613 -8.93421649933 0.0
1685693087.748628 7.81526279449 -8.93399620056 0.0
1685693087.781628 7.82285404205 -8.93382167816 0.0
1685693087.827628 7.8335814476 -8.93351078033 0.0
1685693087.860628 7.84104347229 -8.93325328827 0.0
1685693087.907416 7.84971857071 -8.93291759491 0.0
1685693087.940416 7.85738039017 -8.93258571625 0.0
1685693087.987416 7.86820030212 -8.93205833435 0.0
1685693088.020416 7.87570667267 -8.93165302277 0.0
1685693088.056416 7.88386821747 -8.93117523193 0.0
1685693088.089416 7.89147186279 -8.9307012558 0.0
1685693088.130416 7.90079021454 -8.93007087708 0.0
1685693088.163416 7.90833711624 -8.9295091629 0.0
1685693088.198416 7.91628456116 -8.92887020111 0.0
1685693088.231416 7.92382478714 -8.9282245636 0.0
1685693088.310416 7.94199562073 -8.92653465271 0.0
1685693088.343416 7.94947528839 -8.92578220367 0.0
1685693088.376416 7.95707702637 -8.92498111725 0.0
1685693088.422416 7.96736574173 -8.92383956909 0.0
1685693088.455416 7.97500896454 -8.92295265198 0.0
1685693088.488416 7.982421875 -8.92205905914 0.0
1685693088.523416 7.99038219452 -8.92105484009 0.0
1685693088.556416 7.99801111221 -8.92005348206 0.0
1685693088.620416 8.01242828369 -8.91806507111 0.0
1685693088.653416 8.02009296417 -8.91695308685 0.0
1685693088.698416 8.03022861481 -8.9154176712 0.0
1685693088.731416 8.03785324097 -8.91421127319 0.0
1685693088.771416 8.04681968689 -8.91273784637 0.0
1685693088.804416 8.05443096161 -8.91144657135 0.0
1685693088.840416 8.06245994568 -8.91004562378 0.0
1685693088.873416 8.06988334656 -8.90870761871 0.0
1685693088.906416 8.07737445831 -8.90732002258 0.0
1685693088.945416 8.08610057831 -8.9056520462 0.0
1685693088.978416 8.0936498642 -8.90416431427 0.0
1685693089.011416 8.10109329224 -8.90266227722 0.0
1685693089.045416 8.10870265961 -8.90109062195 0.0
1685693089.078416 8.11635494232 -8.89947223663 0.0
1685693089.138416 8.12958240509 -8.89657211304 0.0
1685693089.171416 8.13713645935 -8.89486408234 0.0
1685693089.233416 8.15076255798 -8.89166355133 0.0
1685693089.266416 8.15821170807 -8.88983917236 0.0
1685693089.331416 8.17263698578 -8.88617897034 0.0
1685693089.364416 8.18008136749 -8.88423442841 0.0
1685693089.424416 8.19320869446 -8.88070964813 0.0
1685693089.457416 8.20060062408 -8.87866592407 0.0
1685693089.502416 8.21044063568 -8.87588596344 0.0
1685693089.535416 8.2178812027 -8.87373638153 0.0
1685693089.605416 8.2330904007 -8.8692035675 0.0
1685693089.638416 8.24034786224 -8.86697006226 0.0
1685693089.701416 8.2540102005 -8.86266040802 0.0
1685693089.734416 8.26133441925 -8.86030101776 0.0
1685693089.782416 8.27174568176 -8.85687828064 0.0
1685693089.815416 8.27911186218 -8.85440540314 0.0
1685693089.848416 8.28634738922 -8.85193920135 0.0
1685693089.891416 8.29533672333 -8.84881401062 0.0
1685693089.924416 8.30261325836 -8.84623527527 0.0
1685693089.964416 8.31080055237 -8.84327125549 0.0
1685693089.997416 8.31761074066 -8.84074211121 0.0
1685693090.040416 8.32631015778 -8.83741283417 0.0
1685693090.073416 8.33285522461 -8.83483028412 0.0
1685693090.118416 8.34191036224 -8.83116149902 0.0
1685693090.151416 8.3485250473 -8.82841300964 0.0
1685693090.198416 8.35762405396 -8.82452106476 0.0
1685693090.231416 8.36385345459 -8.82177352905 0.0
1685693090.264416 8.37017250061 -8.8189163208 0.0
1685693090.297416 8.37621021271 -8.81611251831 0.0
1685693090.330416 8.3822851181 -8.81321048737 0.0
1685693090.385416 8.39198589325 -8.80838871002 0.0
1685693090.418416 8.39794540405 -8.805311203 0.0
1685693090.436213 8.40375995636 -8.80222988129 0.0
1685693090.477213 8.41086673737 -8.7983455658 0.0
1685693090.510213 8.41655635834 -8.79514122009 0.0
1685693090.550213 8.42343711853 -8.79116344452 0.0
1685693090.583213 8.42905426025 -8.78783321381 0.0
1685693090.628213 8.43670463562 -8.7831697464 0.0
1685693090.661213 8.44232273102 -8.7796459198 0.0
1685693090.694213 8.44783687592 -8.77610111237 0.0
1685693090.734213 8.45450496674 -8.77168464661 0.0
1685693090.767213 8.46002674103 -8.76792144775 0.0
1685693090.818213 8.46841812134 -8.7620344162 0.0
1685693090.851213 8.47379589081 -8.75815391541 0.0
1685693090.889213 8.47983837128 -8.75368213654 0.0
1685693090.922213 8.48512172699 -8.74967384338 0.0
1685693090.960213 8.4911403656 -8.74500274658 0.0
1685693090.993213 8.49627399445 -8.74092578888 0.0
1685693091.043213 8.50413227081 -8.73450183868 0.0
1685693091.076213 8.50916671753 -8.73026371002 0.0
