1685693483.071214 18.8701686859 -1.47938871384 0.0
1685693483.104214 18.8774814606 -1.47788143158 0.0
1685693483.158214 18.8892116547 -1.47536051273 0.0
1685693483.191214 18.8962516785 -1.47378528118 0.0
1685693483.234214 18.905424118 -1.47166085243 0.0
1685693483.267214 18.9125118256 -1.4699600935 0.0
1685693483.300214 18.9196395874 -1.4682046175 0.0
1685693483.334214 18.9268779755 -1.46637547016 0.0
1685693483.368214 18.9339580536 -1.46453881264 0.0
1685693483.403214 18.9414176941 -1.46255218983 0.0
1685693483.436214 18.9485225677 -1.46061134338 0.0
1685693483.487214 18.9591445923 -1.45761787891 0.0
1685693483.520214 18.9660720825 -1.45560586452 0.0
1685693483.598214 18.9824981689 -1.45063710213 0.0
1685693483.631214 18.9893550873 -1.44847977161 0.0
1685693483.690214 19.0016860962 -1.4444937706 0.0
1685693483.723214 19.0085086823 -1.44222986698 0.0
1685693483.791214 19.0226325989 -1.43737947941 0.0
1685693483.824214 19.0293102264 -1.4350053072 0.0
1685693483.894214 19.0438785553 -1.42966771126 0.0
1685693483.927214 19.0506782532 -1.42710995674 0.0
1685693484.005214 19.0666103363 -1.42094087601 0.0
1685693484.038214 19.0733795166 -1.41823518276 0.0
1685693484.075214 19.0809955597 -1.4151289463 0.0
1685693484.108214 19.0876808167 -1.41235029697 0.0
1685693484.141214 19.0943241119 -1.40954136848 0.0
1685693484.181214 19.102273941 -1.40611493587 0.0
1685693484.214214 19.1089706421 -1.40317225456 0.0
1685693484.296214 19.1252746582 -1.39579761028 0.0
1685693484.329214 19.1318855286 -1.39272451401 0.0
1685693484.376214 19.1413135529 -1.38826823235 0.0
1685693484.409214 19.1479053497 -1.38509714603 0.0
1685693484.442214 19.1544075012 -1.3819167614 0.0
1685693484.486127 19.1609592438 -1.37866282463 0.0
1685693484.519127 19.1674003601 -1.37541639805 0.0
1685693484.553127 19.1739559174 -1.37205898762 0.0
1685693484.586127 19.1803302765 -1.36873805523 0.0
1685693484.632127 19.1892051697 -1.36402511597 0.0
1685693484.665127 19.1955738068 -1.36058390141 0.0
1685693484.698127 19.2018756866 -1.35712575912 0.0
1685693484.731127 19.2082424164 -1.3535759449 0.0
1685693484.764127 19.2146091461 -1.34997391701 0.0
1685693484.797127 19.2210636139 -1.34627175331 0.0
1685693484.843127 19.2296485901 -1.34129726887 0.0
1685693484.876127 19.2359275818 -1.33764457703 0.0
1685693484.925127 19.2452030182 -1.33224701881 0.0
1685693484.958127 19.2514381409 -1.32861924171 0.0
1685693485.002127 19.2597312927 -1.32379710674 0.0
1685693485.035127 19.2659244537 -1.32019734383 0.0
1685693485.068127 19.2722053528 -1.31654775143 0.0
1685693485.101127 19.278421402 -1.31293809414 0.0
1685693485.134127 19.284658432 -1.30931484699 0.0
1685693485.170127 19.2913990021 -1.30539870262 0.0
1685693485.203127 19.2977218628 -1.30172157288 0.0
1685693485.236127 19.3041095734 -1.29800379276 0.0
1685693485.289127 19.3145236969 -1.2919459343 0.0
1685693485.322127 19.3210220337 -1.28816604614 0.0
1685693485.376127 19.3320674896 -1.2817325592 0.0
1685693485.409127 19.3389568329 -1.27771854401 0.0
1685693485.456127 19.3487796783 -1.27200198174 0.0
1685693485.489127 19.3557796478 -1.26792657375 0.0
1685693485.530127 19.3645973206 -1.26279759407 0.0
1685693485.563127 19.3718414307 -1.25858914852 0.0
1685693485.596127 19.3789081573 -1.25447916985 0.0
1685693485.638127 19.3879146576 -1.24922454357 0.0
1685693485.671127 19.3949489594 -1.24511015415 0.0
1685693485.704127 19.4022426605 -1.24083602428 0.0
1685693485.737127 19.4093551636 -1.23665428162 0.0
1685693485.771127 19.4165096283 -1.23244225979 0.0
1685693485.812127 19.425453186 -1.22717797756 0.0
1685693485.845127 19.4326305389 -1.22295618057 0.0
1685693485.878127 19.4395484924 -1.21889162064 0.0
1685693485.911127 19.4465560913 -1.21478021145 0.0
1685693485.944127 19.4535865784 -1.2106565237 0.0
1685693485.988127 19.4629974365 -1.20513999462 0.0
1685693486.021127 19.470161438 -1.20094418526 0.0
1685693486.054127 19.4772586823 -1.19678473473 0.0
1685693486.088127 19.4844398499 -1.19256961346 0.0
1685693486.121127 19.4917488098 -1.18827068806 0.0
1685693486.179127 19.5040721893 -1.18101537228 0.0
1685693486.212127 19.5112705231 -1.17677843571 0.0
1685693486.265127 19.5225696564 -1.1701271534 0.0
1685693486.298127 19.5297031403 -1.16593074799 0.0
1685693486.339127 19.5384788513 -1.16078066826 0.0
1685693486.372127 19.5456390381 -1.15658056736 0.0
1685693486.425127 19.556886673 -1.14999234676 0.0
1685693486.458127 19.5640983582 -1.14577865601 0.0
1685693486.499127 19.572883606 -1.14064443111 0.0
1685693486.532127 19.5800914764 -1.1364248991 0.0
1685693486.575127 19.5892372131 -1.13105750084 0.0
1685693486.608127 19.5964183807 -1.12684178352 0.0
1685693486.659127 19.6073570251 -1.12042725086 0.0
1685693486.692127 19.6145172119 -1.11622583866 0.0
1685693486.751127 19.6269607544 -1.10892438889 0.0
1685693486.784127 19.6340293884 -1.10476791859 0.0
1685693486.838127 19.6450519562 -1.09824705124 0.0
1685693486.871127 19.651922226 -1.09415304661 0.0
1685693486.915127 19.6608371735 -1.0887914896 0.0
1685693486.948127 19.667673111 -1.08463966846 0.0
1685693487.050804 19.6825180054 -1.07548749447 0.0
1685693487.083804 19.6892585754 -1.07127654552 0.0
1685693487.123804 19.6972503662 -1.06625044346 0.0
1685693487.156804 19.7038536072 -1.06205892563 0.0
1685693487.195804 19.7116317749 -1.05707502365 0.0
1685693487.228804 19.7182426453 -1.05280160904 0.0
1685693487.261804 19.7247562408 -1.04856419563 0.0
1685693487.294804 19.731256485 -1.04430687428 0.0
1685693487.327804 19.7378463745 -1.03995597363 0.0
1685693487.374804 19.7471141815 -1.0337805748 0.0
1685693487.407804 19.7536239624 -1.02940070629 0.0
1685693487.440804 19.7601833344 -1.0249568224 0.0
1685693487.478804 19.7676296234 -1.0198816061 0.0
1685693487.511804 19.7739963531 -1.01551532745 0.0
1685693487.569804 19.7852725983 -1.00770127773 0.0
1685693487.602804 19.7917823792 -1.00314152241 0.0
1685693487.647804 19.8004989624 -0.996968090534 0.0
1685693487.680804 19.8067302704 -0.992497742176 0.0
1685693487.717804 19.8138809204 -0.987312495708 0.0
1685693487.750804 19.8202114105 -0.982677400112 0.0
1685693487.783804 19.8266029358 -0.977954149246 0.0
1685693487.816804 19.8328304291 -0.973307490349 0.0
1685693487.849804 19.8390827179 -0.968609750271 0.0
1685693487.893804 19.847442627 -0.96229082346 0.0
1685693487.926804 19.8536643982 -0.957552134991 0.0
1685693487.980804 19.8636779785 -0.949855029583 0.0
1685693488.013804 19.8698368073 -0.945076584816 0.0
1685693488.064804 19.8794364929 -0.937549114227 0.0
1685693488.097804 19.8855667114 -0.932692170143 0.0
1685693488.130804 19.8916435242 -0.927850604057 0.0
1685693488.163804 19.8977851868 -0.922927498817 0.0
1685693488.196804 19.9039306641 -0.917968213558 0.0
1685693488.233804 19.9107627869 -0.912409901619 0.0
1685693488.266804 19.9167728424 -0.907484054565 0.0
1685693488.327804 19.9279155731 -0.898239552975 0.0
1685693488.360804 19.9339427948 -0.893176019192 0.0
1685693488.427804 19.9459781647 -0.882948637009 0.0
1685693488.460804 19.9519081116 -0.877848982811 0.0
1685693488.501804 19.9591217041 -0.871601700783 0.0
1685693488.534804 19.9650936127 -0.866395056248 0.0
1685693488.594804 19.9757537842 -0.857014417648 0.0
1685693488.627804 19.9815998077 -0.851818799973 0.0
1685693488.683804 19.9914474487 -0.8429723382 0.0
1685693488.716804 19.9972381592 -0.837716162205 0.0
1685693488.749804 20.002954483 -0.832489311695 0.0
1685693488.791804 20.0102062225 -0.825792968273 0.0
1685693488.824804 20.0160236359 -0.820377349854 0.0
1685693488.880804 20.0256481171 -0.811325669289 0.0
1685693488.913804 20.0312995911 -0.805955588818 0.0
1685693488.951804 20.0377540588 -0.799776613712 0.0
1685693488.984804 20.0433998108 -0.794327676296 0.0
1685693489.017804 20.0490436554 -0.788841068745 0.0
1685693489.056804 20.0557003021 -0.782325923443 0.0
1685693489.089804 20.0613441467 -0.776767194271 0.0
1685693489.138804 20.0695667267 -0.76859664917 0.0
1685693489.171804 20.075176239 -0.762967526913 0.0
1685693489.215804 20.0823554993 -0.755720853806 0.0
1685693489.248804 20.087896347 -0.750094473362 0.0
1685693489.281804 20.0934009552 -0.744467079639 0.0
1685693489.314804 20.0987434387 -0.73896509409 0.0
1685693489.347804 20.1042613983 -0.733245193958 0.0
1685693489.383804 20.1101303101 -0.727124750614 0.0
1685693489.416804 20.115524292 -0.721461176872 0.0
1685693489.477804 20.1253681183 -0.711018204689 0.0
1685693489.510804 20.1307029724 -0.705299556255 0.0
1685693489.509328 20.1367168427 -0.698795735836 0.0
1685693489.542328 20.1420536041 -0.692974567413 0.0
1685693489.593328 20.149810791 -0.684428989887 0.0
1685693489.626328 20.1547641754 -0.678909301758 0.0
1685693489.693328 20.1645145416 -0.667833030224 0.0
1685693489.726328 20.1693763733 -0.662198722363 0.0
1685693489.784328 20.1776638031 -0.652401685715 0.0
1685693489.817328 20.182434082 -0.646656811237 0.0
1685693489.901328 20.1942691803 -0.632073998451 0.0
1685693489.934328 20.1989250183 -0.62620395422 0.0
1685693490.030328 20.211977005 -0.609292864799 0.0
1685693490.063328 20.2163677216 -0.603442132473 0.0
1685693490.146328 20.2273178101 -0.588496387005 0.0
1685693490.179328 20.2315731049 -0.582547187805 0.0
1685693490.212328 20.2357940674 -0.576572537422 0.0
1685693490.246328 20.2400054932 -0.570529401302 0.0
1685693490.279328 20.2442340851 -0.564375519753 0.0
1685693490.331328 20.2507381439 -0.554718077183 0.0
1685693490.364328 20.2547645569 -0.548611164093 0.0
1685693490.397328 20.2586936951 -0.542561769485 0.0
1685693490.433328 20.2630405426 -0.535757660866 0.0
1685693490.466328 20.266960144 -0.52952170372 0.0
1685693490.515328 20.2726306915 -0.520321309566 0.0
1685693490.548328 20.2764949799 -0.513931870461 0.0
1685693490.581328 20.2802009583 -0.507713794708 0.0
1685693490.620328 20.2843990326 -0.500552117825 0.0
1685693490.653328 20.2879066467 -0.494452863932 0.0
1685693490.688328 20.2914428711 -0.488165825605 0.0
1685693490.721328 20.2947616577 -0.482134014368 0.0
1685693490.768328 20.2993888855 -0.473500430584 0.0
1685693490.801328 20.3025894165 -0.467376232147 0.0
1685693490.834328 20.3056545258 -0.461381942034 0.0
1685693490.867328 20.3087215424 -0.455246508121 0.0
1685693490.909328 20.3125362396 -0.447419971228 0.0
1685693490.942328 20.3155117035 -0.441155463457 0.0
1685693491.004328 20.3208618164 -0.429491490126 0.0
1685693491.037328 20.3236885071 -0.42310282588 0.0
1685693491.104328 20.3291072845 -0.410334974527 0.0
1685693491.137328 20.331703186 -0.403958380222 0.0
1685693491.196328 20.3361377716 -0.392647355795 0.0
1685693491.229328 20.3385734558 -0.386181384325 0.0
1685693491.267328 20.3412914276 -0.378739714622 0.0
1685693491.300328 20.3435592651 -0.372319936752 0.0
1685693491.342328 20.3463764191 -0.364054739475 0.0
1685693491.375328 20.3485050201 -0.357587635517 0.0
1685693491.421328 20.3514022827 -0.348443001509 0.0
1685693491.454328 20.3534049988 -0.341856181622 0.0
1685693491.515328 20.3568840027 -0.329820305109 0.0
1685693491.548328 20.3587322235 -0.323083490133 0.0
1685693491.614328 20.3621616364 -0.309852957726 0.0
1685693491.647328 20.3638076782 -0.303115963936 0.0
1685693491.680328 20.3653621674 -0.296487212181 0.0
1685693491.712328 20.3668384552 -0.289918422699 0.0
1685693491.745328 20.3682727814 -0.283262431622 0.0
1685693491.786328 20.3699607849 -0.275004893541 0.0
1685693491.819328 20.3712711334 -0.268246382475 0.0
1685693491.857328 20.3726711273 -0.260629028082 0.0
1685693491.890328 20.373840332 -0.253870218992 0.0
1685693491.956328 20.3759860992 -0.240397498012 0.0
1685693491.982272 20.3769721985 -0.233660623431 0.0
1685693492.016272 20.3779125214 -0.226815134287 0.0
1685693492.049272 20.3787822723 -0.220036759973 0.0
1685693492.089272 20.3797397614 -0.211866632104 0.0
1685693492.122272 20.3804779053 -0.204970836639 0.0
1685693492.156272 20.3811607361 -0.197993069887 0.0
1685693492.189272 20.3817596436 -0.191160053015 0.0
1685693492.222272 20.3823013306 -0.184246093035 0.0
1685693492.268272 20.3829364777 -0.174699768424 0.0
1685693492.301272 20.38331604 -0.16785107553 0.0
1685693492.361272 20.3838748932 -0.155258715153 0.0
1685693492.394272 20.3841018677 -0.148479253054 0.0
1685693492.427272 20.3842735291 -0.14164750278 0.0
1685693492.461272 20.3843822479 -0.134510725737 0.0
1685693492.494272 20.3844223022 -0.127727583051 0.0
1685693492.556272 20.3843250275 -0.114844806492 0.0
1685693492.589272 20.384180069 -0.108012475073 0.0
1685693492.661272 20.3836402893 -0.0930129364133 0.0
1685693492.694272 20.3832931519 -0.0861625373363 0.0
1685693492.730272 20.3828411102 -0.0787349641323 0.0
1685693492.763272 20.3823566437 -0.0719182640314 0.0
1685693492.832272 20.3811340332 -0.057695440948 0.0
1685693492.865272 20.3804645538 -0.0510978624225 0.0
1685693492.941272 20.3786411285 -0.0354860462248 0.0
1685693492.974272 20.3777561188 -0.0287607256323 0.0
1685693493.041272 20.3757724762 -0.0151354689151 0.0
1685693493.074272 20.3746700287 -0.00826282147318 0.0
1685693493.110272 20.3734283447 -0.000951604743022 0.0
1685693493.143272 20.3722057343 0.00587494391948 0.0
1685693493.207272 20.3697013855 0.0188476201147 0.0
1685693493.240272 20.3683052063 0.0255889426917 0.0
1685693493.287272 20.3662338257 0.0350592136383 0.0
1685693493.320272 20.3646697998 0.0418676584959 0.0
1685693493.353272 20.3630619049 0.0485615991056 0.0
1685693493.391272 20.3611621857 0.0560962706804 0.0
1685693493.424272 20.3593902588 0.0628533810377 0.0
1685693493.478272 20.3563365936 0.0739310011268 0.0
1685693493.511272 20.3543434143 0.0808372050524 0.0
1685693493.567272 20.3507442474 0.0927850008011 0.0
1685693493.600272 20.348531723 0.0998369529843 0.0
1685693493.661272 20.3443508148 0.112716525793 0.0
1685693493.694272 20.342010498 0.119700245559 0.0
1685693493.727272 20.3396224976 0.126667678356 0.0
1685693493.761272 20.3370876312 0.13387902081 0.0
1685693493.794272 20.3345851898 0.140833511949 0.0
1685693493.831272 20.3317432404 0.148552805185 0.0
1685693493.864272 20.329076767 0.155635461211 0.0
1685693493.918272 20.3245449066 0.16739718616 0.0
1685693493.951272 20.321647644 0.174770832062 0.0
1685693493.987272 20.3184642792 0.182765945792 0.0
1685693494.020272 20.3155021667 0.190113916993 0.0
1685693494.057272 20.3122081757 0.198200911283 0.0
1685693494.090272 20.3092288971 0.205431878567 0.0
1685693494.130272 20.3055591583 0.214239820838 0.0
1685693494.163272 20.3024711609 0.221562638879 0.0
1685693494.211272 20.29804039 0.231945663691 0.0
1685693494.244272 20.2949237823 0.239174351096 0.0
1685693494.296272 20.2900314331 0.250405520201 0.0
1685693494.329272 20.2868309021 0.257680296898 0.0
1685693494.388272 20.2811546326 0.270391076803 0.0
1685693494.421272 20.277803421 0.277792692184 0.0
1685693494.454272 20.2746047974 0.284791052341 0.0
1685693494.487272 20.2712841034 0.291983902454 0.0
1685693494.548208 20.2679748535 0.299097955227 0.0
1685693494.581208 20.2645874023 0.306315541267 0.0
1685693494.614208 20.2611904144 0.313500255346 0.0
1685693494.667208 20.2557678223 0.324823260307 0.0
1685693494.700208 20.2523326874 0.33190575242 0.0
1685693494.748208 20.2473316193 0.342110455036 0.0
1685693494.781208 20.2437915802 0.349254697561 0.0
1685693494.836208 20.2380084991 0.360795348883 0.0
1685693494.869208 20.2344493866 0.367816597223 0.0
1685693494.925208 20.2283916473 0.37964323163 0.0
1685693494.958208 20.2247371674 0.386700600386 0.0
1685693494.991208 20.2211151123 0.39363270998 0.0
1685693495.027208 20.217206955 0.401042997837 0.0
1685693495.060208 20.2134628296 0.408081650734 0.0
1685693495.106208 20.2083091736 0.417667448521 0.0
1685693495.139208 20.2045459747 0.424580901861 0.0
1685693495.180208 20.1998901367 0.433026373386 0.0
1685693495.213208 20.1960124969 0.439992487431 0.0
1685693495.246208 20.192199707 0.446791768074 0.0
1685693495.284208 20.1877937317 0.454564750195 0.0
1685693495.317208 20.1838932037 0.461373269558 0.0
1685693495.350208 20.1799907684 0.468122333288 0.0
1685693495.396208 20.1744823456 0.477538198233 0.0
1685693495.429208 20.1704463959 0.484355032444 0.0
1685693495.480208 20.1642589569 0.494692623615 0.0
1685693495.513208 20.160150528 0.501495838165 0.0
1685693495.553208 20.1552009583 0.509624481201 0.0
1685693495.586208 20.1510944366 0.51631039381 0.0
1685693495.640208 20.1443138123 0.527235150337 0.0
1685693495.673208 20.1400928497 0.533969581127 0.0
1685693495.706208 20.1359481812 0.540542662144 0.0
1685693495.753208 20.1299743652 0.549941062927 0.0
1685693495.786208 20.1258335114 0.556396365166 0.0
1685693495.881208 20.1134052277 0.575457036495 0.0
1685693495.914208 20.1090984344 0.581954717636 0.0
1685693495.961208 20.1028499603 0.591295659542 0.0
1685693495.994208 20.0985069275 0.59773850441 0.0
1685693496.058208 20.0899410248 0.610278606415 0.0
1685693496.091208 20.0854606628 0.616750657558 0.0
1685693496.137208 20.0792350769 0.625647068024 0.0
1685693496.170208 20.0747623444 0.631969451904 0.0
1685693496.221208 20.0676937103 0.641850650311 0.0
1685693496.254208 20.0631103516 0.648187637329 0.0
1685693496.287208 20.0585479736 0.654446542263 0.0
1685693496.332208 20.0521888733 0.663090646267 0.0
1685693496.365208 20.0475063324 0.669387042522 0.0
1685693496.408208 20.0413265228 0.677629411221 0.0
1685693496.441208 20.0365695953 0.683932304382 0.0
1685693496.485208 20.0301799774 0.692333638668 0.0
1685693496.518208 20.0254497528 0.698498785496 0.0
1685693496.566208 20.0183982849 0.707604169846 0.0
1685693496.599208 20.013507843 0.713869094849 0.0
1685693496.658208 20.0048484802 0.724865138531 0.0
1685693496.691208 20.0000133514 0.730947732925 0.0
1685693496.736208 19.9933185577 0.739302933216 0.0
1685693496.769208 19.9883708954 0.74542504549 0.0
1685693496.802208 19.9833831787 0.751547694206 0.0
1685693496.834208 19.9785022736 0.757495164871 0.0
1685693496.867208 19.973531723 0.763500034809 0.0
1685693496.907208 19.9674110413 0.770820319653 0.0
1685693496.940208 19.9624938965 0.776639699936 0.0
1685693497.001208 19.9531478882 0.787563681602 0.0
1685693497.011255 19.9479846954 0.793538987637 0.0
1685693497.048255 19.9422874451 0.80008995533 0.0
1685693497.081255 19.9371356964 0.805974006653 0.0
1685693497.146255 19.9269180298 0.817514896393 0.0
1685693497.179255 19.9215984344 0.823454082012 0.0
1685693497.212255 19.9164142609 0.829207420349 0.0
1685693497.245255 19.9110279083 0.83515381813 0.0
1685693497.279255 19.9057102203 0.840991556644 0.0
1685693497.313255 19.9001483917 0.847051799297 0.0
1685693497.346255 19.8948574066 0.852777659893 0.0
1685693497.402255 19.8857116699 0.862591743469 0.0
1685693497.435255 19.8802509308 0.868400514126 0.0
1685693497.474255 19.8740024567 0.874998152256 0.0
1685693497.507255 19.8685016632 0.880768895149 0.0
1685693497.547255 19.8619499207 0.887600779533 0.0
1685693497.580255 19.8564300537 0.893318235874 0.0
1685693497.613255 19.8510112762 0.898887932301 0.0
1685693497.650255 19.8448944092 0.905120193958 0.0
1685693497.683255 19.83934021 0.910734176636 0.0
1685693497.737255 19.8303565979 0.919718563557 0.0
1685693497.770255 19.8247795105 0.92523765564 0.0
1685693497.839255 19.8130893707 0.936670303345 0.0
1685693497.872255 19.8074817657 0.942085444927 0.0
1685693497.913255 19.800535202 0.948737978935 0.0
1685693497.946255 19.7948150635 0.954181730747 0.0
1685693497.979255 19.7890949249 0.959589183331 0.0
1685693498.028255 19.7806148529 0.967530012131 0.0
1685693498.061255 19.7747917175 0.972938418388 0.0
1685693498.101255 19.7678699493 0.979320883751 0.0
1685693498.134255 19.7620620728 0.984633862972 0.0
1685693498.177255 19.7545051575 0.991485416889 0.0
1685693498.210255 19.748670578 0.996731281281 0.0
1685693498.259255 19.7399578094 1.00449299812 0.0
1685693498.292255 19.7339992523 1.0097515583 0.0
1685693498.325255 19.7280044556 1.01500761509 0.0
1685693498.359255 19.7218971252 1.02032792568 0.0
1685693498.393255 19.7158660889 1.02554368973 0.0
1685693498.444255 19.7065811157 1.0334969759 0.0
1685693498.477255 19.7005615234 1.03860795498 0.0
1685693498.511255 19.6943130493 1.04387938976 0.0
1685693498.545255 19.6883392334 1.04888737202 0.0
1685693498.577255 19.6824245453 1.05380952358 0.0
1685693498.611255 19.6763572693 1.05882453918 0.0
1685693498.652255 19.6688404083 1.06498515606 0.0
1685693498.685255 19.6626491547 1.07000899315 0.0
1685693498.729255 19.6546020508 1.07648098469 0.0
1685693498.762255 19.6484489441 1.08139133453 0.0
1685693498.821255 19.6374855042 1.09005129337 0.0
1685693498.854255 19.6312026978 1.09495973587 0.0
1685693498.918255 19.6192951202 1.10417854786 0.0
1685693498.951255 19.6130695343 1.10895431042 0.0
1685693499.014255 19.6011486053 1.11798965931 0.0
1685693499.047255 19.5948257446 1.12271976471 0.0
1685693499.093255 19.5861644745 1.12914264202 0.0
1685693499.126255 19.5797653198 1.13385522366 0.0
1685693499.191255 19.56731987 1.14290583134 0.0
1685693499.224255 19.5609645844 1.14746427536 0.0
1685693499.302255 19.5457267761 1.15826702118 0.0
1685693499.335255 19.5391998291 1.16284549236 0.0
1685693499.400255 19.5266857147 1.17153704166 0.0
1685693499.433255 19.5201969147 1.17599308491 0.0
1685693499.492255 19.5086555481 1.18382167816 0.0
1685693499.528082 19.5020980835 1.18822109699 0.0
1685693499.591082 19.4897842407 1.19639909267 0.0
1685693499.624082 19.4831199646 1.20077514648 0.0
1685693499.660082 19.4760990143 1.20534563065 0.0
1685693499.693082 19.4695091248 1.20960307121 0.0
1685693499.746082 19.4589138031 1.21638524532 0.0
1685693499.779082 19.4523105621 1.22057616711 0.0
1685693499.812082 19.4456729889 1.22476148605 0.0
1685693499.854082 19.4373226166 1.22997915745 0.0
1685693499.887082 19.4306755066 1.23409926891 0.0
1685693499.950082 19.4179019928 1.2419321537 0.0
1685693499.983082 19.4112129211 1.24598610401 0.0
1685693500.035082 19.4006004333 1.25235402584 0.0
1685693500.068082 19.3939437866 1.25631213188 0.0
1685693500.109082 19.3855056763 1.26128554344 0.0
1685693500.142082 19.3786849976 1.26526582241 0.0
1685693500.175082 19.3718948364 1.26919782162 0.0
1685693500.213082 19.3642578125 1.27358567715 0.0
1685693500.246082 19.3574848175 1.27744698524 0.0
1685693500.321082 19.3419036865 1.28624868393 0.0
1685693500.354082 19.3351020813 1.29005646706 0.0
1685693500.428082 19.3198413849 1.2984957695 0.0
1685693500.461082 19.3129348755 1.30227077007 0.0
1685693500.494082 19.3060817719 1.30598759651 0.0
1685693500.551082 19.2941913605 1.31236028671 0.0
1685693500.584082 19.2871894836 1.31606781483 0.0
1685693500.628082 19.2779769897 1.32089996338 0.0
1685693500.661082 19.2710151672 1.32451844215 0.0
1685693500.694082 19.2639942169 1.32813227177 0.0
1685693500.727082 19.257024765 1.33168065548 0.0
1685693500.760082 19.2500190735 1.3352137804 0.0
1685693500.801082 19.2413959503 1.33953130245 0.0
1685693500.834082 19.2343482971 1.34303605556 0.0
1685693500.868082 19.2269916534 1.34665882587 0.0
1685693500.901082 19.2200965881 1.35001528263 0.0
1685693500.934082 19.2129592896 1.3534553051 0.0
1685693500.980082 19.2032241821 1.35809111595 0.0
1685693501.013082 19.1960334778 1.36147630215 0.0
1685693501.067082 19.1843948364 1.36688172817 0.0
1685693501.100082 19.177444458 1.37006115913 0.0
1685693501.133082 19.1702766418 1.37331354618 0.0
1685693501.167082 19.1774311066 1.37009310722 0.0
1685693501.213082 19.1671638489 1.37466287613 0.0
1685693501.246082 19.1600074768 1.37781620026 0.0
1685693501.290082 19.1505908966 1.38192856312 0.0
1685693501.323082 19.1432952881 1.38508152962 0.0
1685693501.369082 19.1331481934 1.38941752911 0.0
1685693501.402082 19.1259899139 1.39244055748 0.0
1685693501.441082 19.1174621582 1.39599573612 0.0
1685693501.474082 19.1103019714 1.39894914627 0.0
1685693501.518082 19.1005516052 1.40292370319 0.0
1685693501.551082 19.0932731628 1.40585410595 0.0
1685693501.590082 19.0847129822 1.40926027298 0.0
1685693501.623082 19.0773868561 1.41213965416 0.0
1685693501.656082 19.0700740814 1.41498363018 0.0
1685693501.689082 19.0626792908 1.41782796383 0.0
1685693501.723082 19.0553703308 1.42061209679 0.0
1685693501.762082 19.0466537476 1.42389750481 0.0
1685693501.795082 19.0393238068 1.42662680149 0.0
1685693501.860082 19.0248661041 1.43189954758 0.0
1685693501.893082 19.0174770355 1.43453836441 0.0
1685693501.968082 19.0007076263 1.44041121006 0.0
1685693502.001082 18.9932155609 1.44298624992 0.0
1685693502.067082 18.9783477783 1.44800674915 0.0
1685693502.142373 18.9708499908 1.45048844814 0.0
1685693502.208373 18.9558048248 1.45537602901 0.0
1685693502.241373 18.9482822418 1.45777952671 0.0
1685693502.306373 18.9335327148 1.46242642403 0.0
1685693502.339373 18.9260635376 1.46474421024 0.0
1685693502.383373 18.9161376953 1.46777009964 0.0
1685693502.416373 18.9086208344 1.47001934052 0.0
1685693502.463373 18.8978385925 1.47318899632 0.0
1685693502.496373 18.890203476 1.47539401054 0.0
1685693502.546373 18.8787574768 1.47863769531 0.0
1685693502.579373 18.8712482452 1.48072874546 0.0
1685693502.622373 18.8614349365 1.48341488838 0.0
1685693502.655373 18.8538818359 1.48544228077 0.0
1685693502.700373 18.8436012268 1.48814618587 0.0
1685693502.733373 18.8359794617 1.49011659622 0.0
1685693502.766373 18.8284263611 1.49204313755 0.0
1685693502.802373 18.8202266693 1.49409866333 0.0
1685693502.835373 18.8124866486 1.49600768089 0.0
1685693502.877373 18.8029155731 1.49831736088 0.0
1685693502.910373 18.7952537537 1.5001219511 0.0
1685693502.959373 18.7837352753 1.50277674198 0.0
1685693502.992373 18.7759838104 1.50452768803 0.0
1685693503.036373 18.7658748627 1.50676167011 0.0
1685693503.069373 18.7581062317 1.50844013691 0.0
1685693503.121373 18.7459468842 1.51100838184 0.0
1685693503.154373 18.738286972 1.51259160042 0.0
1685693503.187373 18.7305717468 1.51415729523 0.0
1685693503.219373 18.7230510712 1.51565730572 0.0
1685693503.253373 18.7153759003 1.51716399193 0.0
1685693503.299373 18.7047863007 1.51919007301 0.0
1685693503.332373 18.6973209381 1.5205757618 0.0
1685693503.387373 18.6854343414 1.52268576622 0.0
1685693503.420373 18.6782207489 1.52390086651 0.0
1685693503.453373 18.6707744598 1.52510631084 0.0
1685693503.490373 18.6628704071 1.52632713318 0.0
1685693503.523373 18.6556339264 1.52739071846 0.0
1685693503.567373 18.6459579468 1.52873647213 0.0
1685693503.600373 18.6387310028 1.52969062328 0.0
1685693503.670373 18.6234321594 1.53158056736 0.0
1685693503.703373 18.6163158417 1.53239691257 0.0
1685693503.736373 18.6089172363 1.53319847584 0.0
1685693503.775373 18.6002044678 1.53407812119 0.0
1685693503.808373 18.5929222107 1.53476512432 0.0
1685693503.841373 18.585609436 1.53540623188 0.0
1685693503.876373 18.5777893066 1.53603625298 0.0
1685693503.909373 18.5705699921 1.5365742445 0.0
1685693503.942373 18.5631198883 1.53708434105 0.0
1685693503.990373 18.5523815155 1.53773236275 0.0
1685693504.023373 18.5451526642 1.53811335564 0.0
1685693504.074373 18.5336742401 1.53863525391 0.0
1685693504.107373 18.5262641907 1.53891909122 0.0
1685693504.181373 18.5096664429 1.53938317299 0.0
1685693504.214373 18.5023269653 1.53951299191 0.0
1685693504.247373 18.4950122833 1.53959858418 0.0
1685693504.286373 18.4863815308 1.53964006901 0.0
1685693504.319373 18.4790153503 1.53962850571 0.0
1685693504.368373 18.4681072235 1.53951942921 0.0
1685693504.401373 18.4607944489 1.53937959671 0.0
1685693504.434373 18.4534816742 1.53918731213 0.0
1685693504.467373 18.4461212158 1.53894460201 0.0
1685693504.501373 18.4384841919 1.5386428833 0.0
1685693504.534373 18.4311275482 1.53830015659 0.0
1685693504.581373 18.4207401276 1.53772115707 0.0
1685693504.608730 18.4132633209 1.53724491596 0.0
1685693504.660730 18.4017505646 1.53642392159 0.0
1685693504.693730 18.3943576813 1.53583204746 0.0
1685693504.727730 18.3867435455 1.53516817093 0.0
1685693504.760730 18.379535675 1.53449237347 0.0
1685693504.793730 18.3722076416 1.53375577927 0.0
1685693504.856730 18.3583965302 1.53222227097 0.0
1685693504.889730 18.3511333466 1.53135073185 0.0
1685693504.950730 18.3375282288 1.5295855999 0.0
1685693504.983730 18.3303356171 1.52857267857 0.0
1685693505.056730 18.3141670227 1.52614152431 0.0
1685693505.089730 18.3070430756 1.52500402927 0.0
1685693505.154730 18.2928943634 1.52260410786 0.0
1685693505.187730 18.2856445312 1.52130079269 0.0
1685693505.238730 18.2743530273 1.51916801929 0.0
1685693505.271730 18.2670783997 1.5177308321 0.0
1685693505.331730 18.2541389465 1.51505839825 0.0
1685693505.364730 18.2468395233 1.51348304749 0.0
1685693505.414730 18.2359485626 1.51103854179 0.0
1685693505.447730 18.228849411 1.50938510895 0.0
1685693505.487730 18.2199897766 1.50725591183 0.0
1685693505.520730 18.2129402161 1.50550627708 0.0
1685693505.553730 18.2059020996 1.50370824337 0.0
1685693505.587730 18.1984844208 1.50175881386 0.0
1685693505.620730 18.1913986206 1.49984645844 0.0
1685693505.660730 18.1829109192 1.49748933315 0.0
1685693505.693730 18.1757793427 1.49545609951 0.0
1685693505.745730 18.1647777557 1.49223005772 0.0
1685693505.778730 18.1576290131 1.49007236958 0.0
1685693505.852730 18.1421031952 1.4851911068 0.0
1685693505.885730 18.1350784302 1.48289418221 0.0
1685693505.922730 18.1273021698 1.48029053211 0.0
1685693505.955730 18.1202869415 1.4778854847 0.0
1685693505.999730 18.1112155914 1.47469127178 0.0
1685693506.032730 18.1043109894 1.47219848633 0.0
1685693506.065730 18.0974464417 1.46967220306 0.0
1685693506.097730 18.090669632 1.46712732315 0.0
1685693506.131730 18.0837936401 1.4644882679 0.0
1685693506.172730 18.0752639771 1.46114170551 0.0
1685693506.205730 18.0683994293 1.45840060711 0.0
1685693506.245730 18.0600776672 1.45501029491 0.0
1685693506.278730 18.0532779694 1.45218074322 0.0
1685693506.340730 18.0406074524 1.44679045677 0.0
1685693506.373730 18.0338516235 1.44385433197 0.0
1685693506.406730 18.0271148682 1.44087827206 0.0
1685693506.444730 18.0194263458 1.43742322922 0.0
1685693506.477730 18.012796402 1.43439412117 0.0
1685693506.521730 18.0040092468 1.43030071259 0.0
1685693506.554730 17.997379303 1.42715191841 0.0
1685693506.587730 17.9906787872 1.4239140749 0.0
1685693506.620730 17.984046936 1.42065024376 0.0
1685693506.654730 17.9772567749 1.41725337505 0.0
1685693506.688730 17.9706230164 1.41388368607 0.0
1685693506.721730 17.9641876221 1.41056931019 0.0
1685693506.755730 17.9573459625 1.40699219704 0.0
1685693506.789730 17.9508647919 1.40354514122 0.0
1685693506.833730 17.9422149658 1.39884352684 0.0
1685693506.866730 17.9357967377 1.39528167248 0.0
1685693506.899730 17.9294261932 1.39168834686 0.0
1685693506.941730 17.9214382172 1.38709867001 0.0
1685693506.974730 17.9150333405 1.38336014748 0.0
1685693507.009730 17.9082813263 1.37936377525 0.0
1685693507.042730 17.9020347595 1.37560749054 0.0
1685693507.073176 17.8916568756 1.36924207211 0.0
1685693507.106176 17.8853225708 1.36528778076 0.0
1685693507.139176 17.879076004 1.36133885384 0.0
1685693507.193176 17.8689899445 1.35484194756 0.0
1685693507.226176 17.8628540039 1.35081422329 0.0
1685693507.265176 17.8556308746 1.34599709511 0.0
1685693507.298176 17.8495101929 1.34185361862 0.0
1685693507.331176 17.843372345 1.33764588833 0.0
1685693507.368176 17.8366622925 1.3329744339 0.0
1685693507.401176 17.8305244446 1.3286345005 0.0
1685693507.439176 17.8235912323 1.32366645336 0.0
1685693507.472176 17.8176898956 1.31938612461 0.0
1685693507.505176 17.8117370605 1.31500661373 0.0
1685693507.540176 17.8055152893 1.31035268307 0.0
1685693507.573176 17.7997112274 1.30594289303 0.0
1685693507.627176 17.7902832031 1.29864609241 0.0
1685693507.660176 17.7844562531 1.29405796528 0.0
1685693507.693176 17.7786998749 1.28946363926 0.0
1685693507.726176 17.7728939056 1.28476846218 0.0
1685693507.759176 17.7672348022 1.28013443947 0.0
1685693507.813176 17.757976532 1.27242445946 0.0
1685693507.846176 17.7524185181 1.2677077055 0.0
1685693507.909176 17.7417678833 1.25847113132 0.0
1685693507.942176 17.7362308502 1.25357568264 0.0
1685693508.024176 17.7227745056 1.24139976501 0.0
1685693508.057176 17.7173748016 1.2363910675 0.0
1685693508.112176 17.7084903717 1.22799348831 0.0
1685693508.145176 17.7031097412 1.22281754017 0.0
1685693508.229176 17.6898174286 1.20973062515 0.0
1685693508.262176 17.6846847534 1.20455384254 0.0
1685693508.323176 17.6751346588 1.19474101067 0.0
1685693508.356176 17.670009613 1.18938064575 0.0
1685693508.389176 17.6650085449 1.18407702446 0.0
1685693508.422176 17.6599903107 1.17868554592 0.0
1685693508.455176 17.6549530029 1.17320895195 0.0
1685693508.497176 17.648645401 1.16625213623 0.0
1685693508.530176 17.6438064575 1.16083371639 0.0
1685693508.563176 17.6389541626 1.15532684326 0.0
1685693508.596176 17.6340866089 1.14973187447 0.0
1685693508.629176 17.6293048859 1.14416229725 0.0
1685693508.677176 17.6224861145 1.13607299328 0.0
1685693508.710176 17.6177940369 1.13039529324 0.0
1685693508.745176 17.6128253937 1.12428927422 0.0
1685693508.778176 17.6081962585 1.11852741241 0.0
1685693508.811176 17.6036338806 1.11277782917 0.0
1685693508.844176 17.5989990234 1.10685932636 0.0
1685693508.878176 17.5945014954 1.10102581978 0.0
1685693508.911176 17.5900192261 1.09511697292 0.0
1685693508.944176 17.5856533051 1.08927941322 0.0
1685693508.999176 17.57837677 1.07936096191 0.0
1685693509.032176 17.5740146637 1.07330143452 0.0
1685693509.096176 17.5658760071 1.06175923347 0.0
1685693509.129176 17.5617218018 1.05573892593 0.0
1685693509.162176 17.5575771332 1.0496506691 0.0
1685693509.208176 17.551897049 1.04114806652 0.0
1685693509.241176 17.5479030609 1.0350497961 0.0
1685693509.274176 17.5439395905 1.02890181541 0.0
1685693509.322176 17.5382061005 1.01983034611 0.0
1685693509.355176 17.534280777 1.01350831985 0.0
1685693509.399176 17.5291748047 1.00514924526 0.0
1685693509.432176 17.5253791809 0.998836755753 0.0
1685693509.466176 17.5214271545 0.992176055908 0.0
1685693509.500176 17.5176448822 0.985709190369 0.0
1685693509.558176 17.5111656189 0.974369466305 0.0
1685693509.574945 17.5075531006 0.967893123627 0.0
1685693509.607945 17.5039691925 0.961371839046 0.0
1685693509.646945 17.4998779297 0.9538012743 0.0
1685693509.679945 17.4963626862 0.947184681892 0.0
1685693509.723945 17.4918689728 0.938566327095 0.0
1685693509.756945 17.4884605408 0.93192255497 0.0
1685693509.833945 17.4808521271 0.916710793972 0.0
1685693509.866945 17.4775409698 0.909906089306 0.0
1685693509.899945 17.474401474 0.903355121613 0.0
1685693509.936945 17.4709377289 0.89600610733 0.0
1685693509.969945 17.4678058624 0.889256060123 0.0
1685693510.021945 17.4631061554 0.878908872604 0.0
1685693510.054945 17.4601383209 0.872222900391 0.0
1685693510.087945 17.4572200775 0.865515530109 0.0
1685693510.120945 17.4543628693 0.858809709549 0.0
1685693510.153945 17.451467514 0.851900160313 0.0
1685693510.212945 17.4465389252 0.839833199978 0.0
1685693510.245945 17.4437732697 0.832870364189 0.0
1685693510.314945 17.4382591248 0.818557560444 0.0
1685693510.347945 17.4356746674 0.81163328886 0.0
1685693510.380945 17.4331111908 0.804620683193 0.0
1685693510.422945 17.4299850464 0.795873820782 0.0
1685693510.455945 17.4274921417 0.788755238056 0.0
1685693510.514945 17.4233093262 0.776463091373 0.0
1685693510.547945 17.4209861755 0.769420266151 0.0
1685693510.603945 17.417137146 0.757391035557 0.0
1685693510.636945 17.4149532318 0.750356554985 0.0
1685693510.669945 17.4127845764 0.74321180582 0.0
1685693510.703945 17.4106502533 0.736003875732 0.0
1685693510.736945 17.4085941315 0.728878557682 0.0
1685693510.781945 17.4058990479 0.71925085783 0.0
1685693510.814945 17.403963089 0.712118089199 0.0
1685693510.847945 17.4020900726 0.705021202564 0.0
1685693510.906945 17.3988876343 0.692412018776 0.0
1685693510.939945 17.3971290588 0.685207664967 0.0
1685693511.018945 17.3931560516 0.668097138405 0.0
1685693511.051945 17.3915634155 0.660880029202 0.0
1685693511.115945 17.3886089325 0.646939814091 0.0
1685693511.148945 17.3871364594 0.639697313309 0.0
1685693511.226945 17.3838787079 0.622874557972 0.0
1685693511.259945 17.3825454712 0.615605175495 0.0
1685693511.323945 17.3801136017 0.601589977741 0.0
1685693511.356945 17.3789176941 0.594296634197 0.0
1685693511.401945 17.3773784637 0.584443628788 0.0
1685693511.434945 17.3763008118 0.577183127403 0.0
1685693511.467945 17.3752479553 0.569791018963 0.0
1685693511.511945 17.3739376068 0.56008374691 0.0
1685693511.544945 17.3730182648 0.552852451801 0.0
1685693511.577945 17.3721351624 0.54554015398 0.0
1685693511.609945 17.3713207245 0.538449168205 0.0
1685693511.643945 17.3705196381 0.531051158905 0.0
1685693511.677945 17.3697452545 0.523395836353 0.0
1685693511.710945 17.3690490723 0.516038000584 0.0
1685693511.759945 17.3681240082 0.505371630192 0.0
1685693511.792945 17.3675384521 0.497953385115 0.0
1685693511.825945 17.3670024872 0.490607529879 0.0
1685693511.866945 17.3664073944 0.48148983717 0.0
1685693511.899945 17.3659858704 0.474161863327 0.0
1685693511.932945 17.3656139374 0.466805875301 0.0
1685693511.965945 17.3652935028 0.459396779537 0.0
1685693512.007945 17.3649635315 0.450012326241 0.0
1685693512.040945 17.3647613525 0.442700326443 0.0
1685693512.073945 17.364610672 0.435437738895 0.0
1685693512.123143 17.3645038605 0.427895903587 0.0
1685693512.156143 17.36444664 0.420606642962 0.0
1685693512.189143 17.3644371033 0.413317173719 0.0
1685693512.239143 17.3645210266 0.402256727219 0.0
1685693512.272143 17.3646430969 0.394892305136 0.0
1685693512.329143 17.3649711609 0.382190614939 0.0
1685693512.362143 17.3652305603 0.374905735254 0.0
1685693512.395143 17.3655433655 0.367445677519 0.0
1685693512.428143 17.365901947 0.360089033842 0.0
1685693512.463143 17.3663291931 0.352507889271 0.0
1685693512.496143 17.3667907715 0.345283716917 0.0
1685693512.529143 17.367313385 0.337860822678 0.0
1685693512.568143 17.3679885864 0.329180151224 0.0
1685693512.601143 17.3686065674 0.321916848421 0.0
1685693512.634143 17.3692722321 0.314632475376 0.0
1685693512.667143 17.369977951 0.307402700186 0.0
1685693512.721143 17.3712654114 0.29524564743 0.0
1685693512.754143 17.3721027374 0.287953466177 0.0
1685693512.802143 17.3734207153 0.277226418257 0.0
1685693512.835143 17.3743877411 0.269848167896 0.0
1685693512.878143 17.3756866455 0.26044601202 0.0
1685693512.911143 17.3767261505 0.253256708384 0.0
1685693512.974143 17.3788528442 0.239320024848 0.0
1685693513.007143 17.3800086975 0.232122763991 0.0
1685693513.070143 17.3823451996 0.218399479985 0.0
1685693513.103143 17.3836364746 0.211251020432 0.0
1685693513.136143 17.3850345612 0.203787714243 0.0
1685693513.170143 17.3864974976 0.196233734488 0.0
1685693513.204143 17.3879203796 0.189110323787 0.0
1685693513.243143 17.3896503448 0.180732041597 0.0
1685693513.276143 17.3911762238 0.173578172922 0.0
1685693513.309143 17.3927555084 0.166409909725 0.0
1685693513.344143 17.3945198059 0.158686414361 0.0
1685693513.377143 17.3961734772 0.151691049337 0.0
1685693513.431143 17.3989868164 0.14015839994 0.0
1685693513.444143 17.3996887207 0.137359604239 0.0
1685693513.477143 17.4015331268 0.130202800035 0.0
1685693513.513143 17.4035587311 0.122570261359 0.0
1685693513.546143 17.4055290222 0.115342281759 0.0
1685693513.601143 17.4088420868 0.103627562523 0.0
1685693513.634143 17.4109382629 0.0964873358607 0.0
1685693513.693143 17.4147548676 0.0838910713792 0.0
1685693513.726143 17.4169273376 0.076932862401 0.0
1685693513.775143 17.4202842712 0.0664732307196 0.0
1685693513.808143 17.422586441 0.059476967901 0.0
1685693513.862143 17.4264507294 0.0480656027794 0.0
1685693513.895143 17.4289264679 0.0409675426781 0.0
1685693513.939143 17.4321956635 0.0318147055805 0.0
1685693513.972143 17.4347324371 0.0248726587743 0.0
1685693514.005143 17.4373111725 0.0179465468973 0.0
1685693514.062143 17.4418087006 0.00617134431377 0.0
1685693514.095143 17.4444885254 -0.00068926793756 0.0
1685693514.165143 17.4502220154 -0.0149699700996 0.0
1685693514.198143 17.4530830383 -0.0218944158405 0.0
1685693514.260143 17.4583911896 -0.0343792773783 0.0
1685693514.293143 17.4613304138 -0.0411054566503 0.0
1685693514.349143 17.4663944244 -0.0524542592466 0.0
1685693514.382143 17.4694595337 -0.0591790899634 0.0
1685693514.423143 17.473274231 -0.0673983469605 0.0
1685693514.456143 17.4764232635 -0.0740570798516 0.0
1685693514.489143 17.4795894623 -0.0806515291333 0.0
1685693514.528143 17.483373642 -0.088408946991 0.0
1685693514.561143 17.4866466522 -0.0950073152781 0.0
1685693514.603143 17.4908618927 -0.103341579437 0.0
1685693514.649722 17.4942150116 -0.109842941165 0.0
1685693514.695722 17.4990119934 -0.11895943433 0.0
1685693514.728722 17.5025081635 -0.125471293926 0.0
1685693514.761722 17.5060443878 -0.131960839033 0.0
1685693514.802722 17.5104656219 -0.139928147197 0.0
1685693514.835722 17.5140857697 -0.14634296298 0.0
1685693514.868722 17.5178165436 -0.152868747711 0.0
1685693514.903722 17.5217323303 -0.159609675407 0.0
1685693514.936722 17.525384903 -0.165800973773 0.0
1685693514.969722 17.5290737152 -0.171970203519 0.0
1685693515.009722 17.5337200165 -0.179630801082 0.0
1685693515.042722 17.5376396179 -0.186015158892 0.0
1685693515.082722 17.5422801971 -0.193471387029 0.0
1685693515.115722 17.5461864471 -0.199655726552 0.0
1685693515.155722 17.5509853363 -0.207132086158 0.0
1685693515.188722 17.5549564362 -0.213214799762 0.0
1685693515.221722 17.5590381622 -0.219376206398 0.0
1685693515.269722 17.5650310516 -0.228247657418 0.0
1685693515.302722 17.5692653656 -0.234397858381 0.0
1685693515.356722 17.5761566162 -0.244218736887 0.0
1685693515.389722 17.580411911 -0.250168353319 0.0
1685693515.426722 17.5852603912 -0.256844758987 0.0
1685693515.459722 17.5896587372 -0.262815475464 0.0
1685693515.494722 17.5942134857 -0.268922328949 0.0
1685693515.527722 17.5986537933 -0.274799406528 0.0
1685693515.585722 17.6066608429 -0.285212516785 0.0
1685693515.618722 17.6111698151 -0.290972292423 0.0
1685693515.663722 17.6174564362 -0.298875808716 0.0
1685693515.696722 17.6220722198 -0.304583132267 0.0
1685693515.734722 17.6273555756 -0.311019450426 0.0
1685693515.767722 17.6321201324 -0.316735655069 0.0
1685693515.800722 17.6368103027 -0.322282910347 0.0
1685693515.834722 17.6417255402 -0.328004598618 0.0
1685693515.867722 17.6466121674 -0.333616644144 0.0
1685693515.913722 17.6534500122 -0.341355711222 0.0
1685693515.946722 17.6583213806 -0.346778869629 0.0
1685693515.988722 17.664648056 -0.353717446327 0.0
1685693516.021722 17.6696796417 -0.35916608572 0.0
1685693516.054722 17.6747226715 -0.364569187164 0.0
1685693516.088722 17.6799755096 -0.370121568441 0.0
1685693516.121722 17.6850891113 -0.375456750393 0.0
1685693516.172722 17.6929473877 -0.383524864912 0.0
1685693516.205722 17.6981143951 -0.388738900423 0.0
1685693516.267722 17.7079524994 -0.398480951786 0.0
1685693516.300722 17.7132339478 -0.403614640236 0.0
1685693516.333722 17.7184200287 -0.408591240644 0.0
1685693516.368722 17.7242679596 -0.414120912552 0.0
1685693516.401722 17.7295837402 -0.419071346521 0.0
1685693516.436722 17.7353305817 -0.424339085817 0.0
1685693516.469722 17.7408370972 -0.429306954145 0.0
1685693516.507722 17.7471370697 -0.434905976057 0.0
1685693516.540722 17.7526378632 -0.439727187157 0.0
1685693516.573722 17.7581539154 -0.444493174553 0.0
1685693516.608722 17.7640533447 -0.449512243271 0.0
1685693516.641722 17.769695282 -0.454247176647 0.0
1685693516.683722 17.776966095 -0.460269361734 0.0
1685693516.716722 17.7827262878 -0.464980274439 0.0
1685693516.760722 17.7908248901 -0.471510231495 0.0
1685693516.793722 17.7969818115 -0.476414084435 0.0
1685693516.853722 17.8081645966 -0.485205709934 0.0
1685693516.886722 17.8143444061 -0.490000456572 0.0
1685693516.931722 17.8229122162 -0.496589183807 0.0
1685693516.964722 17.8291320801 -0.50133061409 0.0
1685693517.029722 17.8415966034 -0.510739326477 0.0
1685693517.062722 17.8479003906 -0.515454411507 0.0
1685693517.111722 17.8571510315 -0.522313117981 0.0
1685693517.144722 17.8635921478 -0.527054011822 0.0
1685693517.188894 17.8758888245 -0.536008059978 0.0
1685693517.221894 17.8822383881 -0.540574371815 0.0
1685693517.284894 17.8943042755 -0.54915779829 0.0
1685693517.317894 17.9007606506 -0.55370414257 0.0
1685693517.370894 17.9110374451 -0.560871720314 0.0
1685693517.403894 17.9174137115 -0.565269529819 0.0
1685693517.471894 17.9307765961 -0.574380636215 0.0
1685693517.504894 17.9372406006 -0.578739106655 0.0
1685693517.549894 17.9459972382 -0.584585607052 0.0
1685693517.582894 17.9526462555 -0.588986515999 0.0
1685693517.614894 17.9590969086 -0.593226373196 0.0
1685693517.648894 17.9658813477 -0.597650587559 0.0
1685693517.701894 17.9770145416 -0.604858517647 0.0
1685693517.734894 17.9839916229 -0.609357833862 0.0
1685693517.771894 17.9916038513 -0.61427372694 0.0
1685693517.804894 17.998506546 -0.618746638298 0.0
1685693517.858894 18.009513855 -0.625914812088 0.0
1685693517.891894 18.0162658691 -0.630340695381 0.0
1685693517.926894 18.023235321 -0.634942770004 0.0
1685693517.959894 18.0301513672 -0.639535963535 0.0
1685693517.992894 18.0368709564 -0.644011974335 0.0
1685693518.038894 18.046169281 -0.65023201704 0.0
1685693518.071894 18.0529727936 -0.654810249805 0.0
1685693518.120894 18.0629463196 -0.661569237709 0.0
1685693518.153894 18.0697631836 -0.66621863842 0.0
1685693518.188894 18.0768604279 -0.671085596085 0.0
1685693518.221894 18.0835285187 -0.675683319569 0.0
1685693518.271894 18.0935688019 -0.682657659054 0.0
1685693518.304894 18.1003913879 -0.68743121624 0.0
1685693518.352894 18.1099777222 -0.694170832634 0.0
1685693518.385894 18.1165924072 -0.698843955994 0.0
1685693518.418894 18.1232833862 -0.703586757183 0.0
1685693518.451894 18.1298408508 -0.708253145218 0.0
1685693518.484894 18.1364917755 -0.713006556034 0.0
1685693518.517894 18.1431541443 -0.717788279057 0.0
1685693518.552894 18.1500911713 -0.722794115543 0.0
1685693518.585894 18.1567687988 -0.727639973164 0.0
1685693518.627894 18.1650905609 -0.733712315559 0.0
1685693518.660894 18.1715602875 -0.738458573818 0.0
1685693518.707894 18.1807994843 -0.745292246342 0.0
1685693518.740894 18.1873493195 -0.750183701515 0.0
1685693518.773894 18.1938476562 -0.755060434341 0.0
1685693518.810894 18.2009410858 -0.760408818722 0.0
1685693518.843894 18.2074375153 -0.765330791473 0.0
1685693518.875894 18.2138442993 -0.770203769207 0.0
1685693518.909894 18.2203006744 -0.775135457516 0.0
1685693518.942894 18.2268447876 -0.780160605907 0.0
1685693518.984894 18.2351779938 -0.786596775055 0.0
1685693519.017894 18.2415771484 -0.791561484337 0.0
1685693519.055894 18.2489204407 -0.797291517258 0.0
1685693519.088894 18.2553482056 -0.802343130112 0.0
1685693519.136894 18.264503479 -0.80957698822 0.0
1685693519.169894 18.2709674835 -0.814704239368 0.0
1685693519.230894 18.2825889587 -0.823960185051 0.0
1685693519.263894 18.2889938354 -0.829081773758 0.0
1685693519.322894 18.3003406525 -0.838194847107 0.0
1685693519.355894 18.3066825867 -0.843314349651 0.0
1685693519.415894 18.3181819916 -0.852642714977 0.0
1685693519.448894 18.3244571686 -0.857763111591 0.0
1685693519.481894 18.3307971954 -0.862964272499 0.0
1685693519.515894 18.3372974396 -0.868328690529 0.0
1685693519.548894 18.3434505463 -0.873439610004 0.0
1685693519.582894 18.3497657776 -0.87871080637 0.0
1685693519.615894 18.3560714722 -0.883993148804 0.0
1685693519.638031 18.3622455597 -0.889195263386 0.0
1685693519.672031 18.3684825897 -0.894481420517 0.0
1685693519.715031 18.3765869141 -0.901400506496 0.0
1685693519.748031 18.3828430176 -0.906779825687 0.0
1685693519.795031 18.3916893005 -0.914427578449 0.0
1685693519.828031 18.3977813721 -0.919726908207 0.0
1685693519.869031 18.4053630829 -0.926359653473 0.0
1685693519.902031 18.4114456177 -0.931707620621 0.0
1685693519.941031 18.4186286926 -0.938065469265 0.0
1685693519.974031 18.4246730804 -0.943455934525 0.0
1685693520.039031 18.4365329742 -0.954115390778 0.0
1685693520.072031 18.4425601959 -0.959564507008 0.0
1685693520.120031 18.4512519836 -0.967461645603 0.0
1685693520.153031 18.4572887421 -0.972973763943 0.0
1685693520.207031 18.4671630859 -0.982016205788 0.0
1685693520.240031 18.4731254578 -0.987497985363 0.0
1685693520.318031 18.4872455597 -1.00059914589 0.0
1685693520.351031 18.4932174683 -1.00618219376 0.0
1685693520.418031 18.5051803589 -1.01743841171 0.0
1685693520.451031 18.5111446381 -1.02310276031 0.0
1685693520.514031 18.5222740173 -1.03376686573 0.0
1685693520.547031 18.5281181335 -1.03941071033 0.0
1685693520.580031 18.5339851379 -1.04510354996 0.0
1685693520.612031 18.5398197174 -1.05079376698 0.0
1685693520.646031 18.5456218719 -1.05648159981 0.0
1685693520.684031 18.5523796082 -1.06314730644 0.0
1685693520.717031 18.55818367 -1.06890416145 0.0
1685693520.779031 18.5688533783 -1.07956767082 0.0
1685693520.812031 18.5746135712 -1.08536958694 0.0
1685693520.872031 18.5849895477 -1.09589672089 0.0
1685693520.905031 18.5905857086 -1.10161161423 0.0
1685693520.938031 18.5962753296 -1.10744678974 0.0
1685693520.972031 18.6022319794 -1.1135866642 0.0
1685693521.006031 18.6078605652 -1.11941111088 0.0
1685693521.057031 18.616601944 -1.12849283218 0.0
1685693521.090031 18.6222229004 -1.13435947895 0.0
1685693521.124031 18.6280593872 -1.14047515392 0.0
1685693521.157031 18.6336936951 -1.14639866352 0.0
1685693521.202031 18.641210556 -1.15433931351 0.0
1685693521.235031 18.6468486786 -1.16032958031 0.0
1685693521.280031 18.6545257568 -1.16853702068 0.0
1685693521.313031 18.6600399017 -1.17447030544 0.0
1685693521.368031 18.6691894531 -1.18438327312 0.0
1685693521.401031 18.6747837067 -1.19048309326 0.0
1685693521.454031 18.683467865 -1.20003354549 0.0
1685693521.487031 18.6889762878 -1.20614373684 0.0
1685693521.520031 18.6944351196 -1.21223008633 0.0
1685693521.553031 18.6998806 -1.21832871437 0.0
1685693521.587031 18.7052612305 -1.22438287735 0.0
1685693521.621031 18.7108421326 -1.2306997776 0.0
1685693521.654031 18.716255188 -1.23686051369 0.0
1685693521.687031 18.7216720581 -1.24305188656 0.0
1685693521.729031 18.7283802032 -1.25076973438 0.0
1685693521.762031 18.7336769104 -1.25689744949 0.0
1685693521.826031 18.7389774323 -1.26305484772 0.0
1685693521.831031 18.7447910309 -1.26983952522 0.0
1685693521.864031 18.7501811981 -1.27615392208 0.0
1685693521.910031 18.757478714 -1.28470003605 0.0
1685693521.943031 18.7628803253 -1.2910040617 0.0
1685693522.005031 18.7727088928 -1.30238175392 0.0
1685693522.038031 18.7779006958 -1.30833160877 0.0
1685693522.085031 18.7853145599 -1.31674325466 0.0
1685693522.118031 18.7906112671 -1.32270300388 0.0
1685693522.161825 18.7957935333 -1.32849216461 0.0
1685693522.194825 18.8010864258 -1.33435297012 0.0
1685693522.239825 18.8082561493 -1.34220230579 0.0
1685693522.272825 18.8136692047 -1.34805583954 0.0
1685693522.330825 18.8230381012 -1.35807609558 0.0
1685693522.363825 18.8285083771 -1.36387610435 0.0
1685693522.416825 18.8372325897 -1.37304401398 0.0
1685693522.449825 18.8427753448 -1.37881040573 0.0
1685693522.489825 18.8492240906 -1.38546192646 0.0
1685693522.522825 18.854724884 -1.39109170437 0.0
1685693522.565825 18.8618507385 -1.39831888676 0.0
1685693522.598825 18.86743927 -1.4039337635 0.0
1685693522.632825 18.8732662201 -1.40973961353 0.0
1685693522.666825 18.8787956238 -1.41519856453 0.0
1685693522.720825 18.8880519867 -1.42423260212 0.0
1685693522.753825 18.8937492371 -1.42973649502 0.0
1685693522.805825 18.9026927948 -1.43829274178 0.0
1685693522.838825 18.9084625244 -1.44375801086 0.0
1685693522.883825 18.916343689 -1.45115292072 0.0
1685693522.916825 18.9222564697 -1.4566501379 0.0
1685693522.949825 18.9278736115 -1.46183419228 0.0
1685693523.012825 18.9383201599 -1.47133851051 0.0
1685693523.045825 18.9438495636 -1.47628068924 0.0
1685693523.126825 18.9572582245 -1.48797690868 0.0
1685693523.159825 18.9626426697 -1.49254691601 0.0
1685693523.232825 18.974817276 -1.502607584 0.0
