1685694035.395694 19.0341567993 11.1938724518 0.0
1685694035.428694 19.0266666412 11.1901750565 0.0
1685694035.471694 19.016954422 11.185377121 0.0
1685694035.504694 19.0095329285 11.1817150116 0.0
1685694035.538694 19.0019741058 11.1779851913 0.0
1685694035.572694 18.9944152832 11.1742572784 0.0
1685694035.605694 18.9869709015 11.170583725 0.0
1685694035.639694 18.9794807434 11.166885376 0.0
1685694035.673694 18.9722423553 11.1633062363 0.0
1685694035.705694 18.9649391174 11.1596889496 0.0
1685694035.750694 18.9547538757 11.1546468735 0.0
1685694035.783694 18.9472236633 11.1509189606 0.0
1685694035.841694 18.9344482422 11.1446065903 0.0
1685694035.875694 18.927116394 11.1409893036 0.0
1685694035.908694 18.9196014404 11.1372842789 0.0
1685694035.953694 18.9095211029 11.1323156357 0.0
1685694035.987694 18.902053833 11.1286315918 0.0
1685694036.020694 18.8946323395 11.1249675751 0.0
1685694036.057694 18.8861694336 11.1207838058 0.0
1685694036.091694 18.8787517548 11.1171140671 0.0
1685694036.137694 18.8682689667 11.1119318008 0.0
1685694036.171694 18.860824585 11.1082582474 0.0
1685694036.216694 18.8505630493 11.1032009125 0.0
1685694036.250694 18.8431625366 11.0995512009 0.0
1685694036.283694 18.8358325958 11.0959300995 0.0
1685694036.316694 18.8282546997 11.0921831131 0.0
1685694036.349694 18.8208599091 11.0885238647 0.0
1685694036.382694 18.8133983612 11.0848283768 0.0
1685694036.415694 18.8060054779 11.08116436 0.0
1685694036.449694 18.7984752655 11.0774335861 0.0
1685694036.483694 18.791059494 11.0737581253 0.0
1685694036.526694 18.7814445496 11.0689916611 0.0
1685694036.560694 18.7740516663 11.0653266907 0.0
1685694036.641694 18.7557945251 11.0562820435 0.0
1685694036.675694 18.7483787537 11.0526075363 0.0
1685694036.762172 18.7342777252 11.0456085205 0.0
1685694036.796172 18.7269115448 11.0419483185 0.0
1685694036.871172 18.7100353241 11.0335941315 0.0
1685694036.905172 18.7024974823 11.02987957 0.0
1685694036.968172 18.6882839203 11.0228776932 0.0
1685694037.002172 18.6809501648 11.0192670822 0.0
1685694037.054172 18.6690540314 11.0134048462 0.0
1685694037.088172 18.6616096497 11.0097312927 0.0
1685694037.145172 18.6487445831 11.003370285 0.0
1685694037.179172 18.6411705017 10.9996147156 0.0
1685694037.212172 18.6337566376 10.9959344864 0.0
1685694037.248172 18.6255741119 10.9918699265 0.0
1685694037.282172 18.6183452606 10.9882736206 0.0
1685694037.347172 18.6036224365 10.9809322357 0.0
1685694037.381172 18.5961952209 10.97722435 0.0
1685694037.414172 18.5888576508 10.9735603333 0.0
1685694037.447172 18.5815868378 10.9699344635 0.0
1685694037.489172 18.5721168518 10.965218544 0.0
1685694037.523172 18.5648212433 10.9615879059 0.0
1685694037.570172 18.5539455414 10.9561729431 0.0
1685694037.604172 18.5465126038 10.9524736404 0.0
1685694037.649172 18.5363864899 10.9474258423 0.0
1685694037.682172 18.5291862488 10.9438304901 0.0
1685694037.716172 18.5218925476 10.9401931763 0.0
1685694037.762172 18.511428833 10.9349718094 0.0
1685694037.795172 18.5041656494 10.9313316345 0.0
1685694037.863172 18.4897766113 10.9240598679 0.0
1685694037.896172 18.4829216003 10.9205636978 0.0
1685694037.943172 18.4733161926 10.9156112671 0.0
1685694037.977172 18.4666748047 10.9121437073 0.0
1685694038.041172 18.4533653259 10.9050970078 0.0
1685694038.075172 18.4468307495 10.901591301 0.0
1685694038.108172 18.4402217865 10.8980093002 0.0
1685694038.142172 18.4334526062 10.8942966461 0.0
1685694038.175172 18.4267463684 10.8905754089 0.0
1685694038.209172 18.4198818207 10.8867235184 0.0
1685694038.243172 18.4132556915 10.8829631805 0.0
1685694038.292172 18.4034500122 10.8773183823 0.0
1685694038.325172 18.3969802856 10.8735389709 0.0
1685694038.358172 18.3904438019 10.86967659 0.0
1685694038.393172 18.3836460114 10.865609169 0.0
1685694038.426172 18.3770217896 10.8615970612 0.0
1685694038.482172 18.3660888672 10.8548784256 0.0
1685694038.515172 18.3597297668 10.8509168625 0.0
1685694038.554172 18.3522319794 10.846198082 0.0
1685694038.587172 18.3458919525 10.8421602249 0.0
1685694038.620172 18.3395252228 10.8380699158 0.0
1685694038.656172 18.3326206207 10.8335971832 0.0
1685694038.689172 18.3261814117 10.8293867111 0.0
1685694038.722172 18.3199501038 10.8252725601 0.0
1685694038.758172 18.3130435944 10.8206644058 0.0
1685694038.791172 18.3065986633 10.816324234 0.0
1685694038.832172 18.2989196777 10.8110990524 0.0
1685694038.865172 18.2927055359 10.8068237305 0.0
1685694038.898172 18.2864284515 10.8024616241 0.0
1685694038.936172 18.2793445587 10.7974863052 0.0
1685694038.969172 18.2731533051 10.7930908203 0.0
1685694039.016172 18.264377594 10.7867822647 0.0
1685694039.049172 18.2581539154 10.7822570801 0.0
1685694039.085172 18.2515487671 10.7773971558 0.0
1685694039.118172 18.2454605103 10.7728586197 0.0
1685694039.151172 18.2394371033 10.7683191299 0.0
1685694039.187172 18.2328338623 10.7632865906 0.0
1685694039.183085 18.2267608643 10.7586021423 0.0
1685694039.223085 18.2195358276 10.7529668808 0.0
1685694039.257085 18.2134342194 10.7481555939 0.0
1685694039.314085 18.2032546997 10.7400131226 0.0
1685694039.348085 18.1973609924 10.7352256775 0.0
1685694039.403085 18.1875743866 10.7271623611 0.0
1685694039.437085 18.1816902161 10.7222442627 0.0
1685694039.470085 18.1759052277 10.7173643112 0.0
1685694039.522085 18.1666889191 10.7094869614 0.0
1685694039.556085 18.1609725952 10.7045278549 0.0
1685694039.622085 18.1494255066 10.6943559647 0.0
1685694039.656085 18.1435947418 10.6891441345 0.0
1685694039.701085 18.1358146667 10.6821241379 0.0
1685694039.734085 18.1302165985 10.6770305634 0.0
1685694039.789085 18.1209621429 10.668510437 0.0
1685694039.822085 18.1152572632 10.6631975174 0.0
1685694039.866085 18.1081047058 10.6564683914 0.0
1685694039.900085 18.1025295258 10.6511659622 0.0
1685694039.953085 18.0936355591 10.6425962448 0.0
1685694039.987085 18.0881328583 10.6372184753 0.0
1685694040.070085 18.0745182037 10.62362957 0.0
1685694040.104085 18.0692195892 10.6182250977 0.0
1685694040.137085 18.0638809204 10.6127185822 0.0
1685694040.192085 18.0550842285 10.6035146713 0.0
1685694040.226085 18.0499095917 10.5980272293 0.0
1685694040.271085 18.0428524017 10.5904531479 0.0
1685694040.305085 18.0376224518 10.584774971 0.0
1685694040.351085 18.0303115845 10.5767459869 0.0
1685694040.385085 18.0253181458 10.5711946487 0.0
1685694040.418085 18.0203380585 10.5655975342 0.0
1685694040.451085 18.0152053833 10.5597639084 0.0
1685694040.485085 18.0101509094 10.5539636612 0.0
1685694040.529085 18.0034046173 10.5461454391 0.0
1685694040.563085 17.9984416962 10.5403327942 0.0
1685694040.614085 17.9907913208 10.5312566757 0.0
1685694040.648085 17.985868454 10.525343895 0.0
1685694040.690085 17.9795589447 10.5176858902 0.0
1685694040.724085 17.9747161865 10.5117397308 0.0
1685694040.762085 17.9691143036 10.504778862 0.0
1685694040.796085 17.9643707275 10.4988174438 0.0
1685694040.837085 17.9584217072 10.4912595749 0.0
1685694040.871085 17.9537467957 10.485244751 0.0
1685694040.904085 17.9491500854 10.4792642593 0.0
1685694040.948085 17.942987442 10.4711370468 0.0
1685694040.982085 17.9384708405 10.4650964737 0.0
1685694041.031085 17.9316730499 10.455862999 0.0
1685694041.065085 17.9272003174 10.4496955872 0.0
1685694041.105085 17.9217739105 10.4421253204 0.0
1685694041.139085 17.9173545837 10.4358892441 0.0
1685694041.172085 17.9130249023 10.4297132492 0.0
1685694041.205085 17.9086265564 10.4233694077 0.0
1685694041.239085 17.9043750763 10.4171695709 0.0
1685694041.288085 17.8979034424 10.4076128006 0.0
1685694041.322085 17.8936958313 10.4013223648 0.0
1685694041.367085 17.8879375458 10.3925981522 0.0
1685694041.401085 17.8838214874 10.3862781525 0.0
1685694041.434085 17.8797531128 10.3799571991 0.0
1685694041.468085 17.8754234314 10.3731422424 0.0
1685694041.501085 17.8714447021 10.3667936325 0.0
1685694041.552085 17.8651847839 10.3566474915 0.0
1685694041.586085 17.8612785339 10.3502254486 0.0
1685694041.619085 17.8572692871 10.3435688019 0.0
1685694041.652085 17.8532829285 10.3368692398 0.0
1685694041.686085 17.8494358063 10.3303232193 0.0
1685694041.728190 17.8450927734 10.3228349686 0.0
1685694041.762190 17.8413505554 10.316286087 0.0
1685694041.805190 17.8364486694 10.3075723648 0.0
1685694041.838190 17.8327407837 10.3008880615 0.0
1685694041.879190 17.8281707764 10.2925405502 0.0
1685694041.913190 17.8246593475 10.2860374451 0.0
1685694041.963190 17.8192462921 10.2758436203 0.0
1685694041.997190 17.8156375885 10.2689332962 0.0
1685694042.029190 17.8121452332 10.2621631622 0.0
1685694042.062190 17.8087711334 10.2555303574 0.0
1685694042.096190 17.8053836823 10.248790741 0.0
1685694042.129190 17.8019275665 10.2418317795 0.0
1685694042.162190 17.7985591888 10.2349700928 0.0
1685694042.204190 17.7943611145 10.2262878418 0.0
1685694042.237190 17.7911758423 10.2195911407 0.0
1685694042.270190 17.7880001068 10.2128334045 0.0
1685694042.314190 17.7837524414 10.2036437988 0.0
1685694042.347190 17.7806282043 10.1967782974 0.0
1685694042.412190 17.7745666504 10.1831865311 0.0
1685694042.445190 17.7714958191 10.176158905 0.0
1685694042.499190 17.7666187286 10.1648101807 0.0
1685694042.532190 17.7637310028 10.1579790115 0.0
1685694042.599190 17.7578601837 10.1438369751 0.0
1685694042.632190 17.7550067902 10.1368274689 0.0
1685694042.697190 17.749458313 10.1228818893 0.0
1685694042.730190 17.7466850281 10.1157588959 0.0
1685694042.817190 17.7396793365 10.0972471237 0.0
1685694042.850190 17.7370681763 10.0901441574 0.0
1685694042.890190 17.733959198 10.0815792084 0.0
1685694042.923190 17.7313957214 10.074432373 0.0
1685694042.980190 17.7271194458 10.0622529984 0.0
1685694043.014190 17.724653244 10.0550451279 0.0
1685694043.061190 17.7211761475 10.0447053909 0.0
1685694043.095190 17.7187767029 10.0374479294 0.0
1685694043.134190 17.7159900665 10.0288524628 0.0
1685694043.167190 17.7136878967 10.0216169357 0.0
1685694043.201190 17.711397171 10.014298439 0.0
1685694043.243190 17.7085475922 10.0049800873 0.0
1685694043.276190 17.7063713074 9.99767875671 0.0
1685694043.311190 17.7041397095 9.99005031586 0.0
1685694043.344190 17.7020587921 9.98282623291 0.0
1685694043.386190 17.6994152069 9.97347354889 0.0
1685694043.420190 17.6974411011 9.96632480621 0.0
1685694043.453190 17.6955089569 9.95916557312 0.0
1685694043.491190 17.693239212 9.95057678223 0.0
1685694043.524190 17.6913280487 9.94320201874 0.0
1685694043.562190 17.6891918182 9.93476104736 0.0
1685694043.596190 17.6873683929 9.92739009857 0.0
1685694043.655190 17.6841812134 9.9140996933 0.0
1685694043.689190 17.6824378967 9.90660476685 0.0
1685694043.724190 17.680606842 9.89858531952 0.0
1685694043.758190 17.6789493561 9.89120101929 0.0
1685694043.803190 17.67669487 9.88091564178 0.0
1685694043.837190 17.6751022339 9.87346553802 0.0
1685694043.873190 17.6733894348 9.8653421402 0.0
1685694043.907190 17.6718254089 9.8578338623 0.0
1685694043.940190 17.6702194214 9.84999847412 0.0
1685694043.975190 17.6685676575 9.84181118011 0.0
1685694044.008190 17.6669769287 9.83381748199 0.0
1685694044.042190 17.6653862 9.82574653625 0.0
1685694044.075190 17.6638374329 9.81779670715 0.0
1685694044.108190 17.6623191833 9.80991840363 0.0
1685694044.145190 17.6606369019 9.80111789703 0.0
1685694044.179190 17.6591186523 9.79311084747 0.0
1685694044.218086 17.657617569 9.78512573242 0.0
1685694044.255086 17.6559696198 9.7762928009 0.0
1685694044.289086 17.6545238495 9.76852893829 0.0
1685694044.336086 17.6524429321 9.75725364685 0.0
1685694044.370086 17.6509838104 9.7492609024 0.0
1685694044.415086 17.6490440369 9.73857688904 0.0
1685694044.449086 17.6475944519 9.73055648804 0.0
1685694044.500086 17.6453590393 9.71807479858 0.0
1685694044.534086 17.6439590454 9.71014881134 0.0
1685694044.567086 17.6425762177 9.70224571228 0.0
1685694044.603086 17.6410198212 9.69329357147 0.0
1685694044.637086 17.6396427155 9.68533802032 0.0
1685694044.677086 17.6379699707 9.67563533783 0.0
1685694044.711086 17.6366024017 9.66767787933 0.0
1685694044.775086 17.6339950562 9.65222930908 0.0
1685694044.809086 17.6326980591 9.64433670044 0.0
1685694044.842086 17.6314029694 9.63634109497 0.0
1685694044.890086 17.6295166016 9.62451839447 0.0
1685694044.924086 17.6282596588 9.61649131775 0.0
1685694044.963086 17.6267852783 9.60696125031 0.0
1685694044.997086 17.6255588531 9.59895515442 0.0
1685694045.031086 17.6242675781 9.59047222137 0.0
1685694045.065086 17.623046875 9.58243942261 0.0
1685694045.111086 17.6213207245 9.5711812973 0.0
1685694045.145086 17.6200523376 9.56302833557 0.0
1685694045.178086 17.6187992096 9.55505180359 0.0
1685694045.220086 17.6172065735 9.5449514389 0.0
1685694045.254086 17.6159210205 9.53687763214 0.0
1685694045.309086 17.6137294769 9.52330970764 0.0
1685694045.343086 17.6124267578 9.51534175873 0.0
1685694045.376086 17.6111183167 9.5074005127 0.0
1685694045.408086 17.6097927094 9.49946117401 0.0
1685694045.442086 17.6084327698 9.49139976501 0.0
1685694045.495086 17.6062068939 9.47842788696 0.0
1685694045.529086 17.6048221588 9.4705247879 0.0
1685694045.561086 17.6034297943 9.46267414093 0.0
1685694045.594086 17.601978302 9.45460319519 0.0
1685694045.675086 17.5984401703 9.43525791168 0.0
1685694045.711086 17.5968475342 9.42669773102 0.0
1685694045.800086 17.5927295685 9.40496253967 0.0
1685694045.834086 17.5912303925 9.39715766907 0.0
1685694045.887086 17.5887184143 9.38426399231 0.0
1685694045.920086 17.5871562958 9.37636852264 0.0
1685694045.984086 17.5841064453 9.36110401154 0.0
1685694046.017086 17.5825176239 9.35321331024 0.0
1685694046.068086 17.5800266266 9.34098625183 0.0
1685694046.101086 17.5784187317 9.33320331573 0.0
1685694046.158086 17.5755653381 9.31952571869 0.0
1685694046.191086 17.5738983154 9.31159973145 0.0
1685694046.246086 17.5710773468 9.29835510254 0.0
1685694046.279086 17.5693645477 9.29043865204 0.0
1685694046.312086 17.567647934 9.28262710571 0.0
1685694046.345086 17.5658950806 9.27477169037 0.0
1685694046.378086 17.5640773773 9.26674938202 0.0
1685694046.413086 17.5621681213 9.258436203 0.0
1685694046.446086 17.560344696 9.25057029724 0.0
1685694046.479086 17.558506012 9.24270820618 0.0
1685694046.516086 17.5564537048 9.23401260376 0.0
1685694046.549086 17.5545272827 9.22591114044 0.0
1685694046.582086 17.5526447296 9.218085289 0.0
1685694046.617086 17.5506210327 9.20977306366 0.0
1685694046.651086 17.5486793518 9.20188331604 0.0
1685694046.702086 17.5456085205 9.18947601318 0.0
1685694046.725373 17.5436592102 9.181640625 0.0
1685694046.792373 17.5396404266 9.16563510895 0.0
1685694046.825373 17.5376663208 9.15783214569 0.0
1685694046.878373 17.5344924927 9.14539813995 0.0
1685694046.912373 17.5324420929 9.13743209839 0.0
1685694046.953373 17.5298748016 9.12758636475 0.0
1685694046.986373 17.5278453827 9.11990261078 0.0
1685694047.020373 17.5257472992 9.11205291748 0.0
1685694047.053373 17.5236053467 9.10413646698 0.0
1685694047.086373 17.5214214325 9.09615325928 0.0
1685694047.143373 17.5177326202 9.08280849457 0.0
1685694047.176373 17.5155467987 9.07495689392 0.0
1685694047.226373 17.5122299194 9.06313800812 0.0
1685694047.260373 17.5100517273 9.05544185638 0.0
1685694047.293373 17.5078353882 9.04765129089 0.0
1685694047.325373 17.5056304932 9.03993701935 0.0
1685694047.358373 17.5033588409 9.03203105927 0.0
1685694047.404373 17.5002670288 9.02135848999 0.0
1685694047.437373 17.4980068207 9.01360702515 0.0
1685694047.471373 17.4957237244 9.00583648682 0.0
1685694047.510373 17.4929790497 8.99659252167 0.0
1685694047.544373 17.4906234741 8.98873806 0.0
1685694047.578373 17.4881801605 8.98064517975 0.0
1685694047.612373 17.4858207703 8.97289657593 0.0
1685694047.674373 17.4813365936 8.95830821991 0.0
1685694047.708373 17.4789447784 8.95059680939 0.0
1685694047.741373 17.4765357971 8.94289016724 0.0
1685694047.774373 17.47407341 8.93506813049 0.0
1685694047.809373 17.4715003967 8.9269618988 0.0
1685694047.843373 17.4689903259 8.91912841797 0.0
1685694047.887373 17.4656963348 8.90891456604 0.0
1685694047.921373 17.4631519318 8.90106487274 0.0
1685694047.954373 17.4605865479 8.89319610596 0.0
1685694047.988373 17.4580516815 8.88545036316 0.0
1685694048.058373 17.4525909424 8.86891460419 0.0
1685694048.092373 17.4499759674 8.86108875275 0.0
1685694048.127373 17.4471912384 8.85281276703 0.0
1685694048.161373 17.4445343018 8.84497451782 0.0
1685694048.194373 17.4419403076 8.83738136292 0.0
1685694048.231373 17.4389247894 8.82862186432 0.0
1685694048.265373 17.4362678528 8.8209438324 0.0
1685694048.308373 17.4327888489 8.81095218658 0.0
1685694048.342373 17.4301166534 8.80335998535 0.0
1685694048.384373 17.4266395569 8.7935552597 0.0
1685694048.418373 17.4239139557 8.78590106964 0.0
1685694048.451373 17.421169281 8.77822780609 0.0
1685694048.485373 17.4182548523 8.77013015747 0.0
1685694048.518373 17.4154415131 8.7623462677 0.0
1685694048.568373 17.4112586975 8.75072479248 0.0
1685694048.602373 17.4085330963 8.74307060242 0.0
1685694048.645373 17.4050102234 8.73306751251 0.0
1685694048.679373 17.4023265839 8.72539901733 0.0
1685694048.732373 17.3979949951 8.71291732788 0.0
1685694048.766373 17.3953227997 8.70513725281 0.0
1685694048.836373 17.3897972107 8.68886375427 0.0
1685694048.870373 17.3872356415 8.68123340607 0.0
1685694048.928373 17.382686615 8.66756916046 0.0
1685694048.962373 17.3801307678 8.65983009338 0.0
1685694049.033373 17.374710083 8.64322757721 0.0
1685694049.067373 17.3722915649 8.63570976257 0.0
1685694049.145373 17.3664684296 8.61737632751 0.0
1685694049.179373 17.3640899658 8.60979270935 0.0
1685694049.221373 17.3609981537 8.59983348846 0.0
1685694049.250406 17.3585853577 8.59202289581 0.0
1685694049.292406 17.3555183411 8.58202934265 0.0
1685694049.326406 17.3531970978 8.57440185547 0.0
1685694049.362406 17.3505973816 8.5657749176 0.0
1685694049.395406 17.3483085632 8.5581111908 0.0
1685694049.442406 17.3450374603 8.54709625244 0.0
1685694049.476406 17.3427505493 8.53935241699 0.0
1685694049.509406 17.3405265808 8.53177547455 0.0
1685694049.543406 17.3381252289 8.52356433868 0.0
1685694049.577406 17.3358802795 8.51586151123 0.0
1685694049.613406 17.3333282471 8.50708866119 0.0
1685694049.647406 17.3311004639 8.49940681458 0.0
1685694049.699406 17.3275032043 8.48687744141 0.0
1685694049.733406 17.3252754211 8.47903728485 0.0
1685694049.767406 17.3229465485 8.47077846527 0.0
1685694049.800406 17.3207817078 8.46305274963 0.0
1685694049.844406 17.3179473877 8.45285987854 0.0
1685694049.877406 17.3156776428 8.44466400146 0.0
1685694049.915406 17.3133182526 8.43609905243 0.0
1685694049.949406 17.3112277985 8.42843151093 0.0
1685694049.989406 17.308637619 8.41877555847 0.0
1685694050.022406 17.306602478 8.41101455688 0.0
1685694050.055406 17.3046112061 8.40326786041 0.0
1685694050.100406 17.3018932343 8.39249420166 0.0
1685694050.133406 17.2999572754 8.38470745087 0.0
1685694050.166406 17.2980232239 8.37686824799 0.0
1685694050.207406 17.2957038879 8.36730003357 0.0
1685694050.240406 17.2939128876 8.3597650528 0.0
1685694050.273406 17.2921447754 8.35219860077 0.0
1685694050.311406 17.290189743 8.34366226196 0.0
1685694050.344406 17.2885131836 8.3361787796 0.0
1685694050.388406 17.2863903046 8.32643508911 0.0
1685694050.421406 17.2848396301 8.31910514832 0.0
1685694050.455406 17.2832756042 8.3115196228 0.0
1685694050.488406 17.2817401886 8.30390262604 0.0
1685694050.521406 17.2802600861 8.29637813568 0.0
1685694050.560406 17.2785873413 8.28760147095 0.0
1685694050.593406 17.2772064209 8.28010940552 0.0
1685694050.634406 17.275560379 8.27091598511 0.0
1685694050.667406 17.2742443085 8.26338577271 0.0
1685694050.703406 17.2728767395 8.25532531738 0.0
1685694050.737406 17.2716522217 8.24785709381 0.0
1685694050.781406 17.2700538635 8.23778247833 0.0
1685694050.814406 17.2688941956 8.2302532196 0.0
1685694050.876406 17.266828537 8.2161026001 0.0
1685694050.909406 17.2658004761 8.20857906342 0.0
1685694050.944406 17.2647571564 8.20059776306 0.0
1685694050.977406 17.2638092041 8.19301319122 0.0
1685694051.029406 17.2624263763 8.18130016327 0.0
1685694051.063406 17.2615909576 8.17382907867 0.0
1685694051.104406 17.2605876923 8.16444206238 0.0
1685694051.138406 17.259809494 8.15678691864 0.0
1685694051.171406 17.2590751648 8.14920425415 0.0
1685694051.205406 17.2583694458 8.14149093628 0.0
1685694051.239406 17.2577075958 8.13385009766 0.0
1685694051.280406 17.2569484711 8.12444019318 0.0
1685694051.314406 17.2563705444 8.11671638489 0.0
1685694051.351406 17.255777359 8.10818195343 0.0
1685694051.385406 17.2552814484 8.1004781723 0.0
1685694051.432406 17.2546787262 8.09006786346 0.0
1685694051.466406 17.2543201447 8.08276176453 0.0
1685694051.499406 17.2540283203 8.07575702667 0.0
1685694051.532406 17.253786087 8.06875038147 0.0
1685694051.566406 17.2535839081 8.06136226654 0.0
1685694051.599406 17.2534446716 8.05422592163 0.0
1685694051.648406 17.2533550262 8.04367160797 0.0
1685694051.682406 17.2533740997 8.03658485413 0.0
1685694051.749406 17.2535991669 8.02178001404 0.0
1685694051.783406 17.2537956238 8.01469612122 0.0
1685694051.877427 17.2545871735 7.99628686905 0.0
1685694051.911427 17.2549972534 7.9892115593 0.0
1685694051.968427 17.2558631897 7.97678899765 0.0
1685694052.002427 17.2564506531 7.96965026855 0.0
1685694052.098427 17.2584915161 7.94907236099 0.0
1685694052.132427 17.2593231201 7.94190692902 0.0
1685694052.212427 17.2615509033 7.9247636795 0.0
1685694052.246427 17.2625637054 7.91769838333 0.0
1685694052.283427 17.2637557983 7.90981531143 0.0
1685694052.317427 17.2648983002 7.90261602402 0.0
1685694052.350427 17.2660503387 7.89567470551 0.0
1685694052.398427 17.2678642273 7.88543128967 0.0
1685694052.432427 17.2691726685 7.8784403801 0.0
1685694052.464427 17.270526886 7.8714838028 0.0
1685694052.498427 17.2719516754 7.86446380615 0.0
1685694052.531427 17.273443222 7.85737991333 0.0
1685694052.566427 17.2750759125 7.8499121666 0.0
1685694052.600427 17.2766628265 7.8429274559 0.0
1685694052.643427 17.2788391113 7.83374071121 0.0
1685694052.677427 17.280544281 7.82680988312 0.0
1685694052.710427 17.2822761536 7.81999015808 0.0
1685694052.743427 17.2841091156 7.81298732758 0.0
1685694052.777427 17.2859210968 7.80626726151 0.0
1685694052.836427 17.2894058228 7.79389095306 0.0
1685694052.870427 17.2913951874 7.78711509705 0.0
1685694052.938427 17.295753479 7.77293777466 0.0
1685694052.972427 17.2979221344 7.76619100571 0.0
1685694053.031427 17.3020191193 7.75395011902 0.0
1685694053.064427 17.3043670654 7.74720954895 0.0
1685694053.120427 17.3084926605 7.73578214645 0.0
1685694053.153427 17.3109283447 7.72926187515 0.0
1685694053.193427 17.3140144348 7.72120189667 0.0
1685694053.227427 17.3166389465 7.71450996399 0.0
1685694053.263427 17.3195819855 7.70718193054 0.0
1685694053.297427 17.3222770691 7.7006278038 0.0
1685694053.335427 17.32554245 7.69288539886 0.0
1685694053.368427 17.3283786774 7.68633556366 0.0
1685694053.410427 17.3320083618 7.67817163467 0.0
1685694053.444427 17.3349971771 7.67160654068 0.0
1685694053.477427 17.3380031586 7.66513252258 0.0
1685694053.510427 17.3410053253 7.65879678726 0.0
1685694053.543427 17.3440647125 7.6524605751 0.0
1685694053.587427 17.348279953 7.64392805099 0.0
1685694053.621427 17.3514518738 7.63764715195 0.0
1685694053.661427 17.3555717468 7.6296620369 0.0
1685694053.695427 17.3589572906 7.62323474884 0.0
1685694053.728427 17.3624706268 7.61667442322 0.0
1685694053.763427 17.3663749695 7.6094918251 0.0
1685694053.797427 17.3700351715 7.60283851624 0.0
1685694053.838427 17.3747386932 7.59439086914 0.0
1685694053.871427 17.3785190582 7.58768892288 0.0
1685694053.919427 17.3839988708 7.57810974121 0.0
1685694053.952427 17.3877010345 7.57171344757 0.0
1685694053.985427 17.3914852142 7.56524753571 0.0
1685694054.025427 17.3961601257 7.55736780167 0.0
1685694054.058427 17.4000530243 7.55087757111 0.0
1685694054.098427 17.4047470093 7.54312705994 0.0
1685694054.131427 17.4086608887 7.53673887253 0.0
1685694054.164427 17.4127006531 7.5302195549 0.0
1685694054.200427 17.41705513 7.52327060699 0.0
1685694054.233427 17.4211006165 7.51687526703 0.0
1685694054.286427 17.4276771545 7.50662946701 0.0
1685694054.343704 17.4319095612 7.50014305115 0.0
1685694054.379704 17.4363441467 7.49342632294 0.0
1685694054.413704 17.4405021667 7.48719406128 0.0
1685694054.457704 17.44622612 7.47872114182 0.0
1685694054.490704 17.4505290985 7.47243404388 0.0
1685694054.523704 17.4547786713 7.46629476547 0.0
1685694054.560704 17.4595413208 7.45949459076 0.0
1685694054.593704 17.4639854431 7.45321369171 0.0
1685694054.665704 17.4736690521 7.43975782394 0.0
1685694054.698704 17.4781208038 7.43366956711 0.0
1685694054.731704 17.4825706482 7.42764282227 0.0
1685694054.782704 17.4895496368 7.41832304001 0.0
1685694054.816704 17.4942417145 7.412129879 0.0
1685694054.878704 17.5030040741 7.40073204041 0.0
1685694054.912704 17.5076599121 7.39476585388 0.0
1685694054.970704 17.5160217285 7.38417959213 0.0
1685694055.004704 17.5207843781 7.37823295593 0.0
1685694055.074704 17.5310401917 7.36566114426 0.0
1685694055.108704 17.5359363556 7.35975790024 0.0
1685694055.156704 17.5431194305 7.35118150711 0.0
1685694055.190704 17.5480575562 7.34534692764 0.0
1685694055.259704 17.558380127 7.33335924149 0.0
1685694055.293704 17.5634994507 7.3275141716 0.0
1685694055.330704 17.5691890717 7.32109117508 0.0
1685694055.364704 17.5742073059 7.31549406052 0.0
1685694055.397704 17.5793933868 7.30977582932 0.0
1685694055.431704 17.5846271515 7.30406618118 0.0
1685694055.464704 17.5896472931 7.29864120483 0.0
1685694055.497704 17.5949306488 7.29297780991 0.0
1685694055.531704 17.6001491547 7.28742742538 0.0
1685694055.563704 17.6053085327 7.28199481964 0.0
1685694055.597704 17.6105823517 7.27649641037 0.0
1685694055.630704 17.6157932281 7.27111434937 0.0
1685694055.666704 17.6216545105 7.26512813568 0.0
1685694055.700704 17.6271018982 7.25962305069 0.0
1685694055.763704 17.6374511719 7.24928283691 0.0
1685694055.797704 17.6428184509 7.2439827919 0.0
1685694055.830704 17.6482830048 7.23863840103 0.0
1685694055.863704 17.6538295746 7.23326826096 0.0
1685694055.896704 17.6593990326 7.22792339325 0.0
1685694055.945704 17.6675720215 7.22017335892 0.0
1685694055.979704 17.6731510162 7.21494913101 0.0
1685694056.012704 17.6787185669 7.20978498459 0.0
1685694056.045704 17.6843261719 7.20462799072 0.0
1685694056.079704 17.6898441315 7.19959831238 0.0
1685694056.133704 17.6991882324 7.19117641449 0.0
1685694056.167704 17.7047996521 7.18617391586 0.0
1685694056.223704 17.7145652771 7.17757844925 0.0
1685694056.257704 17.7203330994 7.17256259918 0.0
1685694056.294704 17.7267513275 7.16702270508 0.0
1685694056.328704 17.7325954437 7.16201782227 0.0
1685694056.380704 17.7421894073 7.15388202667 0.0
1685694056.414704 17.7481975555 7.14883470535 0.0
1685694056.447704 17.7540664673 7.14393663406 0.0
1685694056.481704 17.7602596283 7.13879489899 0.0
1685694056.515704 17.7662658691 7.13382434845 0.0
1685694056.566704 17.7758827209 7.12591362 0.0
1685694056.600704 17.7818450928 7.12104892731 0.0
1685694056.633704 17.7877635956 7.11625099182 0.0
1685694056.665704 17.7938117981 7.11137199402 0.0
1685694056.699704 17.8000125885 7.10640048981 0.0
1685694056.749704 17.8094444275 7.09890556335 0.0
1685694056.783704 17.8156032562 7.09404468536 0.0
1685694056.862692 17.8292961121 7.08332824707 0.0
1685694056.896692 17.8354358673 7.07856607437 0.0
1685694056.945692 17.8448047638 7.07135868073 0.0
1685694056.979692 17.8510246277 7.0666179657 0.0
1685694057.016692 17.858133316 7.06124734879 0.0
1685694057.050692 17.8644142151 7.05654478073 0.0
1685694057.089692 17.8719158173 7.05098009109 0.0
1685694057.122692 17.8782577515 7.04631757736 0.0
1685694057.163692 17.8861293793 7.04057216644 0.0
1685694057.199692 17.8929100037 7.03565120697 0.0
1685694057.243692 17.9014511108 7.02949476242 0.0
1685694057.277692 17.9077339172 7.0250082016 0.0
1685694057.312692 17.9146137238 7.02014017105 0.0
1685694057.345692 17.9209747314 7.01567792892 0.0
1685694057.379692 17.9273509979 7.01123762131 0.0
1685694057.416692 17.9347877502 7.00610399246 0.0
1685694057.449692 17.9411582947 7.00174474716 0.0
1685694057.483692 17.9476070404 6.99736452103 0.0
1685694057.516692 17.9541110992 6.99297475815 0.0
1685694057.552692 17.9617176056 6.98786687851 0.0
1685694057.586692 17.9685134888 6.98332166672 0.0
1685694057.634692 17.9786376953 6.97656106949 0.0
1685694057.668692 17.985496521 6.97197437286 0.0
1685694057.733692 17.999124527 6.96284818649 0.0
1685694057.766692 18.0059585571 6.95826911926 0.0
1685694057.806692 18.0142402649 6.95271492004 0.0
1685694057.839692 18.0211791992 6.94806671143 0.0
1685694057.897692 18.033203125 6.94000244141 0.0
1685694057.930692 18.0399875641 6.93544197083 0.0
1685694057.999692 18.0543289185 6.92583465576 0.0
1685694058.032692 18.0612316132 6.92122173309 0.0
1685694058.103692 18.0759143829 6.91139507294 0.0
1685694058.136692 18.0827484131 6.90681743622 0.0
1685694058.215692 18.0989894867 6.89595174789 0.0
1685694058.248692 18.1057224274 6.89144945145 0.0
1685694058.345692 18.1258144379 6.87801122665 0.0
1685694058.378692 18.1327323914 6.87337732315 0.0
1685694058.442692 18.1458740234 6.86457157135 0.0
1685694058.475692 18.1527938843 6.8599395752 0.0
1685694058.508692 18.1595001221 6.8554444313 0.0
1685694058.555692 18.1692085266 6.84892654419 0.0
1685694058.588692 18.1761379242 6.84426403046 0.0
1685694058.621692 18.1829833984 6.83965682983 0.0
1685694058.656692 18.1900596619 6.83489513397 0.0
1685694058.689692 18.1969280243 6.83027553558 0.0
1685694058.723692 18.2038993835 6.82558488846 0.0
1685694058.756692 18.2107200623 6.82098722458 0.0
1685694058.791692 18.218126297 6.81598901749 0.0
1685694058.824692 18.22498703 6.81136035919 0.0
1685694058.885692 18.2376441956 6.80283069611 0.0
1685694058.919692 18.2444229126 6.79826116562 0.0
1685694058.969692 18.2549629211 6.79116439819 0.0
1685694059.003692 18.2617664337 6.78658676147 0.0
1685694059.041692 18.2697811127 6.78117895126 0.0
1685694059.075692 18.2765541077 6.7765994072 0.0
1685694059.117692 18.2852993011 6.77068996429 0.0
1685694059.151692 18.2921829224 6.76604795456 0.0
1685694059.184692 18.2990036011 6.76144838333 0.0
1685694059.218692 18.3062000275 6.75659179688 0.0
1685694059.252692 18.3130607605 6.75196266174 0.0
1685694059.285692 18.3199005127 6.74734735489 0.0
1685694059.322692 18.3276424408 6.74212360382 0.0
1685694059.356692 18.334526062 6.73748397827 0.0
1685694059.362409 18.3421058655 6.73238134384 0.0
1685694059.396409 18.3490962982 6.7276725769 0.0
1685694059.429409 18.3558769226 6.7231054306 0.0
1685694059.464409 18.3632469177 6.71814489365 0.0
1685694059.498409 18.3701534271 6.71349143982 0.0
1685694059.531409 18.3770370483 6.70885038376 0.0
1685694059.565409 18.3842163086 6.70401477814 0.0
1685694059.599409 18.3911457062 6.69935131073 0.0
1685694059.666409 18.4051151276 6.68996095657 0.0
1685694059.700409 18.4120502472 6.68530464172 0.0
1685694059.746409 18.4217281342 6.67878723145 0.0
1685694059.780409 18.4285240173 6.6741976738 0.0
1685694059.824409 18.4377117157 6.6679930687 0.0
1685694059.858409 18.4445285797 6.66338968277 0.0
1685694059.891409 18.4512844086 6.65883111954 0.0
1685694059.924409 18.4581661224 6.65418767929 0.0
1685694059.957409 18.4650268555 6.64955854416 0.0
1685694059.993409 18.4724159241 6.6445813179 0.0
1685694060.027409 18.4793014526 6.63994312286 0.0
1685694060.068409 18.4879894257 6.6340842247 0.0
1685694060.102409 18.4947471619 6.62952852249 0.0
1685694060.146409 18.5039176941 6.62334394455 0.0
1685694060.180409 18.5108776093 6.61863660812 0.0
1685694060.224409 18.5201206207 6.61237859726 0.0
1685694060.258409 18.5271224976 6.60764122009 0.0
1685694060.291409 18.5339775085 6.60300302505 0.0
1685694060.324409 18.5408973694 6.59832429886 0.0
1685694060.387409 18.5540142059 6.58948087692 0.0
1685694060.421409 18.5609455109 6.58482074738 0.0
1685694060.454409 18.5677967072 6.58022117615 0.0
1685694060.488409 18.5747737885 6.57553720474 0.0
1685694060.558409 18.5894107819 6.56573438644 0.0
1685694060.592409 18.5963134766 6.56112241745 0.0
1685694060.635409 18.605381012 6.55505752563 0.0
1685694060.669409 18.612154007 6.5505232811 0.0
1685694060.722409 18.6231975555 6.54313278198 0.0
1685694060.756409 18.6300735474 6.53852701187 0.0
1685694060.807409 18.6407794952 6.53136062622 0.0
1685694060.841409 18.6477069855 6.52673864365 0.0
1685694060.894409 18.6588935852 6.51929044724 0.0
1685694060.927409 18.6657028198 6.51476716995 0.0
1685694061.024409 18.6857795715 6.50144338608 0.0
1685694061.058409 18.692609787 6.49690485001 0.0
1685694061.112409 18.7041969299 6.48918819427 0.0
1685694061.145409 18.7110214233 6.48463964462 0.0
1685694061.208409 18.7241401672 6.47589111328 0.0
1685694061.241409 18.7308578491 6.47141313553 0.0
1685694061.297409 18.7426643372 6.46356916428 0.0
1685694061.333409 18.7501049042 6.45862436295 0.0
1685694061.378409 18.7595005035 6.45236587524 0.0
1685694061.411409 18.7662849426 6.44785022736 0.0
1685694061.450409 18.7743797302 6.44247150421 0.0
1685694061.484409 18.7811889648 6.43794584274 0.0
1685694061.540409 18.7928733826 6.43019294739 0.0
1685694061.573409 18.7997722626 6.42562055588 0.0
1685694061.606409 18.8066501617 6.42106151581 0.0
1685694061.647409 18.815114975 6.41546106339 0.0
1685694061.680409 18.8219547272 6.41093683243 0.0
1685694061.727409 18.831659317 6.40450572968 0.0
1685694061.760409 18.8385982513 6.39990329742 0.0
1685694061.794409 18.8456611633 6.3952126503 0.0
1685694061.827409 18.8524913788 6.39067411423 0.0
1685694061.869946 18.8611717224 6.38489580154 0.0
1685694061.902946 18.8680744171 6.38028478622 0.0
1685694061.952946 18.8784313202 6.37336969376 0.0
1685694061.985946 18.8853168488 6.36877822876 0.0
1685694062.018946 18.8921585083 6.3642115593 0.0
1685694062.051946 18.8989372253 6.35968780518 0.0
1685694062.084946 18.9059104919 6.35504388809 0.0
1685694062.125946 18.9143218994 6.34945487976 0.0
1685694062.158946 18.9212379456 6.34486198425 0.0
1685694062.223946 18.9281730652 6.34025287628 0.0
1685694062.228946 18.9358634949 6.33513402939 0.0
1685694062.262946 18.9426651001 6.33059740067 0.0
1685694062.298946 18.9503688812 6.32545375824 0.0
1685694062.331946 18.9572124481 6.32088804245 0.0
1685694062.372946 18.9655532837 6.31533145905 0.0
1685694062.405946 18.9722995758 6.31084823608 0.0
1685694062.462946 18.9841537476 6.30298566818 0.0
1685694062.495946 18.9912014008 6.29831600189 0.0
1685694062.538946 18.999917984 6.29254579544 0.0
1685694062.571946 19.0068206787 6.28797864914 0.0
1685694062.625946 19.0181159973 6.28050994873 0.0
1685694062.659946 19.024936676 6.2760014534 0.0
1685694062.691946 19.0316886902 6.27152824402 0.0
1685694062.735946 19.0409755707 6.26538038254 0.0
1685694062.769946 19.0478610992 6.26083421707 0.0
1685694062.825946 19.0595626831 6.2531080246 0.0
1685694062.859946 19.0665512085 6.24848794937 0.0
1685694062.909946 19.0771903992 6.24144887924 0.0
1685694062.943946 19.0840492249 6.23690843582 0.0
1685694062.976946 19.0908889771 6.23238515854 0.0
1685694063.010946 19.0978240967 6.22782039642 0.0
1685694063.072946 19.1046829224 6.22332620621 0.0
1685694063.078946 19.1115283966 6.21885824203 0.0
1685694063.111946 19.1179447174 6.21470355988 0.0
1685694063.168946 19.1290664673 6.20761871338 0.0
1685694063.202946 19.1354598999 6.20361852646 0.0
1685694063.235946 19.1419410706 6.19961500168 0.0
1685694063.267946 19.1483364105 6.19571208954 0.0
1685694063.301946 19.1548576355 6.1917719841 0.0
1685694063.356946 19.1658229828 6.18525266647 0.0
1685694063.390946 19.1724452972 6.18138360977 0.0
1685694063.431946 19.1806430817 6.1766500473 0.0
1685694063.465946 19.1872577667 6.17287015915 0.0
1685694063.512946 19.1967811584 6.16749858856 0.0
1685694063.546946 19.2034187317 6.16381025314 0.0
1685694063.583946 19.2110061646 6.15964412689 0.0
1685694063.617946 19.2177238464 6.15599870682 0.0
1685694063.650946 19.2245693207 6.15232229233 0.0
1685694063.693946 19.2332630157 6.14769935608 0.0
1685694063.727946 19.239982605 6.14416313171 0.0
1685694063.774946 19.2497615814 6.13910293579 0.0
1685694063.808946 19.2566413879 6.13560199738 0.0
1685694063.880946 19.2715206146 6.12817764282 0.0
1685694063.914946 19.2783164978 6.12484884262 0.0
1685694063.947946 19.2851963043 6.12151861191 0.0
1685694064.010946 19.2984600067 6.11522579193 0.0
1685694064.044946 19.305229187 6.11207437515 0.0
1685694064.104946 19.3178386688 6.10629701614 0.0
1685694064.138946 19.3248291016 6.10314226151 0.0
1685694064.188946 19.3354682922 6.09841251373 0.0
1685694064.222946 19.34233284 6.09541034698 0.0
1685694064.274946 19.3533821106 6.0906701088 0.0
1685694064.308946 19.36028862 6.08776712418 0.0
1685694064.398227 19.3734340668 6.0823302269 0.0
1685694064.432227 19.3804187775 6.07948446274 0.0
1685694064.465227 19.387348175 6.07670450211 0.0
1685694064.510227 19.3972187042 6.07282543182 0.0
1685694064.544227 19.4043502808 6.07007551193 0.0
1685694064.591227 19.4145240784 6.0662112236 0.0
1685694064.625227 19.4215641022 6.06357336044 0.0
1685694064.677227 19.4331321716 6.05931663513 0.0
1685694064.711227 19.4402980804 6.05672931671 0.0
1685694064.744227 19.4475955963 6.05413246155 0.0
1685694064.777227 19.4547138214 6.05163860321 0.0
1685694064.817227 19.4634742737 6.04862499237 0.0
1685694064.851227 19.4706687927 6.04619932175 0.0
1685694064.897227 19.4807872772 6.04285669327 0.0
1685694064.931227 19.4880809784 6.04048728943 0.0
1685694064.964227 19.4953365326 6.03816556931 0.0
1685694064.997227 19.5027751923 6.0358338356 0.0
1685694065.031227 19.5099620819 6.03362894058 0.0
1685694065.083227 19.5216255188 6.03014039993 0.0
1685694065.116227 19.528793335 6.02804994583 0.0
1685694065.149227 19.5360221863 6.02598571777 0.0
1685694065.186227 19.544336319 6.02366828918 0.0
1685694065.220227 19.551612854 6.02168607712 0.0
1685694065.261227 19.5609073639 6.01920890808 0.0
1685694065.294227 19.5680599213 6.01734638214 0.0
1685694065.327227 19.5754184723 6.01547241211 0.0
1685694065.364227 19.5837211609 6.01340961456 0.0
1685694065.397227 19.5909767151 6.01164960861 0.0
1685694065.452227 19.603395462 6.00873661041 0.0
1685694065.488227 19.6112689972 6.00695037842 0.0
1685694065.521227 19.6187801361 6.00528097153 0.0
1685694065.565227 19.6286754608 6.00314378738 0.0
1685694065.598227 19.636182785 6.0015745163 0.0
1685694065.631227 19.6437225342 6.00003814697 0.0
1685694065.685227 19.6558380127 5.99763822556 0.0
1685694065.719227 19.6632709503 5.99621295929 0.0
1685694065.752227 19.6710090637 5.9947681427 0.0
1685694065.785227 19.678604126 5.99338293076 0.0
1685694065.827227 19.6880245209 5.99171352386 0.0
1685694065.860227 19.6955337524 5.99042415619 0.0
1685694065.896227 19.7035980225 5.98908185959 0.0
1685694065.929227 19.7110939026 5.98787403107 0.0
1685694065.962227 19.7184715271 5.98672199249 0.0
1685694065.996227 19.7260303497 5.98558092117 0.0
1685694066.029227 19.7335205078 5.98449373245 0.0
1685694066.069227 19.7427215576 5.98321390152 0.0
1685694066.102227 19.7501983643 5.98222064972 0.0
1685694066.147227 19.7601928711 5.9809627533 0.0
1685694066.180227 19.7677078247 5.98006343842 0.0
1685694066.213227 19.775302887 5.97919368744 0.0
1685694066.264227 19.7870063782 5.97794818878 0.0
1685694066.297227 19.7945384979 5.97720623016 0.0
1685694066.330227 19.8020477295 5.97650384903 0.0
1685694066.368227 19.8106193542 5.97574853897 0.0
1685694066.402227 19.8181114197 5.97513055801 0.0
1685694066.471227 19.8341140747 5.97393941879 0.0
1685694066.505227 19.8418159485 5.9734249115 0.0
1685694066.538227 19.8494701385 5.97294998169 0.0
1685694066.571227 19.8570766449 5.97251462936 0.0
1685694066.617227 19.8675918579 5.97198104858 0.0
1685694066.650227 19.8751773834 5.97165203094 0.0
1685694066.698227 19.8863067627 5.97123575211 0.0
1685694066.732227 19.893945694 5.97098779678 0.0
1685694066.765227 19.9017124176 5.97077083588 0.0
1685694066.799227 19.9092521667 5.97059822083 0.0
1685694066.855227 19.9223117828 5.97039651871 0.0
1685694066.871913 19.9299297333 5.97033166885 0.0
1685694066.904913 19.9374713898 5.97030639648 0.0
1685694066.939913 19.9455966949 5.97032737732 0.0
1685694066.973913 19.9531650543 5.97038698196 0.0
1685694067.029913 19.9662494659 5.97058534622 0.0
1685694067.063913 19.9739170074 5.97075891495 0.0
1685694067.124913 19.9879570007 5.97121047974 0.0
1685694067.158913 19.9956703186 5.9715294838 0.0
1685694067.243913 20.0152873993 5.97250318527 0.0
1685694067.277913 20.0228919983 5.97294807434 0.0
1685694067.333913 20.0358982086 5.97380876541 0.0
1685694067.367913 20.0434970856 5.97436475754 0.0
1685694067.400913 20.0511684418 5.97496747971 0.0
1685694067.445913 20.0615329742 5.9758477211 0.0
1685694067.479913 20.0690956116 5.97652864456 0.0
1685694067.534913 20.0819950104 5.97776556015 0.0
1685694067.568913 20.0894985199 5.9785284996 0.0
1685694067.626913 20.1029109955 5.97997379303 0.0
1685694067.660913 20.1104545593 5.9808344841 0.0
1685694067.717913 20.1236228943 5.98241758347 0.0
1685694067.751913 20.1310558319 5.98335838318 0.0
1685694067.826913 20.1483135223 5.98567914963 0.0
1685694067.860913 20.1558303833 5.98675107956 0.0
1685694067.893913 20.1633167267 5.98785829544 0.0
1685694067.938913 20.1736717224 5.9894618988 0.0
1685694067.972913 20.1811923981 5.99067831039 0.0
1685694068.013913 20.1905765533 5.99225711823 0.0
1685694068.047913 20.1980819702 5.99356603622 0.0
1685694068.088913 20.207572937 5.99527263641 0.0
1685694068.122913 20.215013504 5.99665307999 0.0
1685694068.164913 20.2245330811 5.9984793663 0.0
1685694068.198913 20.2319831848 5.99995088577 0.0
1685694068.266913 20.2474536896 6.00312995911 0.0
1685694068.300913 20.2549781799 6.00473642349 0.0
1685694068.333913 20.2623233795 6.00633955002 0.0
1685694068.376913 20.272102356 6.00853538513 0.0
1685694068.410913 20.2794513702 6.01023006439 0.0
1685694068.443913 20.2867927551 6.01196098328 0.0
1685694068.476913 20.2940769196 6.01371669769 0.0
1685694068.509913 20.3015232086 6.01554870605 0.0
1685694068.551913 20.3112182617 6.01799201965 0.0
1685694068.585913 20.3185958862 6.01989650726 0.0
1685694068.618913 20.326259613 6.02190256119 0.0
1685694068.664913 20.3372955322 6.02481985092 0.0
1685694068.698913 20.3451957703 6.02692365646 0.0
1685694068.738913 20.3548049927 6.02949333191 0.0
1685694068.772913 20.3626022339 6.03158998489 0.0
1685694068.844913 20.3798713684 6.03628206253 0.0
1685694068.878913 20.3875102997 6.0383810997 0.0
1685694068.911913 20.3954391479 6.04057359695 0.0
1685694068.945913 20.4032173157 6.042740345 0.0
1685694068.978913 20.4111118317 6.04495763779 0.0
1685694069.012913 20.4191970825 6.04724597931 0.0
1685694069.046913 20.4270076752 6.04948186874 0.0
1685694069.096913 20.4388942719 6.05293321609 0.0
1685694069.130913 20.4466171265 6.05520296097 0.0
1685694069.179913 20.458404541 6.05872058868 0.0
1685694069.212913 20.4660110474 6.06102609634 0.0
1685694069.245913 20.4736595154 6.06336402893 0.0
1685694069.279913 20.4816913605 6.06583738327 0.0
1685694069.312913 20.4893531799 6.06821680069 0.0
1685694069.348913 20.4976615906 6.07081890106 0.0
1685694069.393526 20.5053119659 6.07323789597 0.0
1685694069.437526 20.5156078339 6.07652330399 0.0
1685694069.470526 20.5232963562 6.0789899826 0.0
1685694069.503526 20.530834198 6.08142518997 0.0
1685694069.547526 20.5412769318 6.08483600616 0.0
1685694069.580526 20.5489940643 6.08737754822 0.0
1685694069.613526 20.5567073822 6.08992767334 0.0
1685694069.655526 20.5664596558 6.09316539764 0.0
1685694069.688526 20.5740718842 6.09570217133 0.0
1685694069.736526 20.585231781 6.09944152832 0.0
1685694069.769526 20.5928096771 6.10199928284 0.0
1685694069.809526 20.6020584106 6.10514736176 0.0
1685694069.842526 20.6096954346 6.10776615143 0.0
1685694069.878526 20.6181182861 6.11066913605 0.0
1685694069.911526 20.6256523132 6.1132774353 0.0
1685694069.975526 20.6404647827 6.11846065521 0.0
1685694070.008526 20.6482181549 6.12120914459 0.0
1685694070.077526 20.6638698578 6.12682723999 0.0
1685694070.110526 20.6714115143 6.12956619263 0.0
1685694070.205526 20.6931228638 6.13755226135 0.0
1685694070.238526 20.700761795 6.14039039612 0.0
1685694070.305526 20.7160396576 6.14614200592 0.0
1685694070.338526 20.7236537933 6.14904880524 0.0
1685694070.397526 20.7371044159 6.15419626236 0.0
1685694070.431526 20.7447853088 6.157143116 0.0
1685694070.474526 20.7548217773 6.16101551056 0.0
1685694070.507526 20.7623023987 6.1639175415 0.0
1685694070.552526 20.7725582123 6.16792297363 0.0
1685694070.586526 20.7799777985 6.17084360123 0.0
1685694070.629526 20.789932251 6.17478370667 0.0
1685694070.663526 20.797504425 6.17779636383 0.0
1685694070.698526 20.8055648804 6.18102216721 0.0
1685694070.732526 20.8130531311 6.18404006958 0.0
1685694070.777526 20.8234882355 6.18827724457 0.0
1685694070.811526 20.830915451 6.19131326675 0.0
1685694070.851526 20.8401622772 6.19511413574 0.0
1685694070.885526 20.8475074768 6.19814777374 0.0
1685694070.918526 20.8549156189 6.20122814178 0.0
1685694070.953526 20.8630123138 6.20463037491 0.0
1685694070.987526 20.8704433441 6.2077870369 0.0
1685694071.036526 20.8815555573 6.21257019043 0.0
1685694071.070526 20.8889827728 6.21579933167 0.0
1685694071.103526 20.8963813782 6.2190322876 0.0
1685694071.137526 20.904050827 6.22240591049 0.0
1685694071.171526 20.91157341 6.22573423386 0.0
1685694071.204526 20.9189720154 6.22902917862 0.0
1685694071.237526 20.9264755249 6.23240184784 0.0
1685694071.271526 20.9338970184 6.2357711792 0.0
1685694071.311526 20.9430332184 6.23995494843 0.0
1685694071.345526 20.9503650665 6.24333524704 0.0
1685694071.412526 20.9656543732 6.25043344498 0.0
1685694071.446526 20.9731578827 6.25392770767 0.0
1685694071.481526 20.9811916351 6.2576622963 0.0
1685694071.515526 20.9887714386 6.26117277145 0.0
1685694071.563526 20.999786377 6.26623916626 0.0
1685694071.597526 21.0071773529 6.26961231232 0.0
1685694071.640526 21.0170917511 6.27410173416 0.0
1685694071.674526 21.0245456696 6.27745771408 0.0
1685694071.740526 21.0395526886 6.28413915634 0.0
1685694071.774526 21.0469436646 6.28738927841 0.0
1685694071.818526 21.0568790436 6.29170656204 0.0
1685694071.852526 21.064414978 6.29494190216 0.0
1685694071.871246 21.0719776154 6.29817819595 0.0
1685694071.908246 21.0806159973 6.301861763 0.0
1685694071.942246 21.0880508423 6.30501031876 0.0
1685694072.005246 21.1025161743 6.31109285355 0.0
1685694072.039246 21.1100578308 6.31424760818 0.0
1685694072.080246 21.1195240021 6.31818151474 0.0
1685694072.114246 21.1270122528 6.32126808167 0.0
1685694072.162246 21.1380901337 6.32580900192 0.0
1685694072.196246 21.1456851959 6.32890367508 0.0
1685694072.229246 21.1531467438 6.33192157745 0.0
1685694072.274246 21.1634864807 6.33605670929 0.0
1685694072.308246 21.1709709167 6.33901834488 0.0
1685694072.345246 21.1797828674 6.34247589111 0.0
1685694072.379246 21.187494278 6.34547948837 0.0
1685694072.417246 21.1963920593 6.34892606735 0.0
1685694072.451246 21.2039527893 6.35183286667 0.0
1685694072.484246 21.2116603851 6.35477876663 0.0
1685694072.517246 21.2193965912 6.35772132874 0.0
1685694072.574246 21.232421875 6.36263418198 0.0
1685694072.608246 21.2397708893 6.3653845787 0.0
1685694072.644246 21.2483577728 6.3685798645 0.0
1685694072.678246 21.2560005188 6.37141132355 0.0
1685694072.712246 21.2638607025 6.37431192398 0.0
1685694072.745246 21.2713699341 6.37706565857 0.0
1685694072.778246 21.2790279388 6.3798532486 0.0
1685694072.825246 21.2900505066 6.38383197784 0.0
1685694072.859246 21.2976760864 6.38656187057 0.0
1685694072.895246 21.3064289093 6.38967323303 0.0
1685694072.928246 21.3141822815 6.39242219925 0.0
1685694072.961246 21.3217926025 6.39512014389 0.0
1685694073.017246 21.3345623016 6.39969968796 0.0
1685694073.050246 21.3419589996 6.4023938179 0.0
1685694073.096246 21.3520793915 6.4061126709 0.0
1685694073.129246 21.3591976166 6.40875768661 0.0
1685694073.189246 21.3720722198 6.41364002228 0.0
1685694073.222246 21.379032135 6.41634178162 0.0
1685694073.255246 21.3861675262 6.41915273666 0.0
1685694073.315246 21.3989906311 6.42430591583 0.0
1685694073.348246 21.4059906006 6.42718219757 0.0
1685694073.399246 21.4167308807 6.43167877197 0.0
1685694073.432246 21.4236698151 6.43463754654 0.0
1685694073.465246 21.4305477142 6.43760967255 0.0
1685694073.507246 21.439283371 6.44145011902 0.0
1685694073.540246 21.4461688995 6.44452905655 0.0
1685694073.597246 21.4580345154 6.44992446899 0.0
1685694073.630246 21.4649028778 6.45310163498 0.0
1685694073.663246 21.4716186523 6.45624923706 0.0
1685694073.710246 21.4813117981 6.46085691452 0.0
1685694073.743246 21.4883594513 6.46424770355 0.0
1685694073.779246 21.4957084656 6.4678273201 0.0
1685694073.812246 21.5025634766 6.47121047974 0.0
1685694073.868246 21.5140533447 6.47698259354 0.0
1685694073.901246 21.5208129883 6.48044300079 0.0
1685694073.952246 21.5313053131 6.48588466644 0.0
1685694073.985246 21.5380516052 6.48942375183 0.0
1685694074.026246 21.5463218689 6.49381875992 0.0
1685694074.059246 21.5530509949 6.49744272232 0.0
1685694074.092246 21.559720993 6.50107240677 0.0
1685694074.136246 21.568567276 6.5059428215 0.0
1685694074.169246 21.5750904083 6.50957632065 0.0
1685694074.215246 21.5842590332 6.51475381851 0.0
1685694074.249246 21.5908489227 6.51852798462 0.0
1685694074.311246 21.6031608582 6.52570343018 0.0
1685694074.345246 21.60962677 6.52953863144 0.0
1685694074.368925 21.6161613464 6.53345680237 0.0
1685694074.402925 21.622718811 6.53743505478 0.0
1685694074.435925 21.6291904449 6.54140806198 0.0
1685694074.471925 21.636133194 6.54572629929 0.0
1685694074.505925 21.6424713135 6.54972076416 0.0
1685694074.559925 21.6531143188 6.55652046204 0.0
1685694074.593925 21.6595077515 6.56066465378 0.0
1685694074.636925 21.6678848267 6.56616783142 0.0
1685694074.670925 21.6742458344 6.57040500641 0.0
1685694074.735925 21.6866931915 6.57883644104 0.0
1685694074.769925 21.6929092407 6.58310842514 0.0
1685694074.802925 21.6992931366 6.58753919601 0.0
1685694074.854925 21.7090911865 6.59446287155 0.0
1685694074.888925 21.7154388428 6.59903049469 0.0
1685694074.921925 21.7215576172 6.60348367691 0.0
1685694074.957925 21.728302002 6.60845279694 0.0
1685694074.991925 21.7344760895 6.61304521561 0.0
1685694075.057925 21.7467384338 6.62230157852 0.0
1685694075.091925 21.752784729 6.62693691254 0.0
1685694075.133925 21.7604389191 6.63288497925 0.0
1685694075.167925 21.7663993835 6.63758850098 0.0
1685694075.200925 21.772354126 6.64233970642 0.0
1685694075.233925 21.7782688141 6.64710235596 0.0
1685694075.274925 21.7857322693 6.65316820145 0.0
1685694075.308925 21.7915477753 6.65793085098 0.0
1685694075.342925 21.7976913452 6.66301202774 0.0
1685694075.376925 21.8034152985 6.66780519485 0.0
1685694075.409925 21.8093109131 6.67278957367 0.0
1685694075.441925 21.8150672913 6.67770195007 0.0
1685694075.475925 21.8207435608 6.68259191513 0.0
1685694075.516925 21.8279685974 6.68890190125 0.0
1685694075.550925 21.8337116241 6.69398498535 0.0
1685694075.600925 21.8423900604 6.70178413391 0.0
1685694075.634925 21.8480205536 6.70691585541 0.0
1685694075.667925 21.8536643982 6.71210813522 0.0
1685694075.702925 21.859577179 6.71760702133 0.0
1685694075.735925 21.8651294708 6.72282314301 0.0
1685694075.769925 21.8708744049 6.7282781601 0.0
1685694075.802925 21.8763866425 6.73357439041 0.0
1685694075.835925 21.8817806244 6.73881101608 0.0
1685694075.877925 21.8886604309 6.74556875229 0.0
1685694075.911925 21.8938980103 6.75078344345 0.0
1685694075.960925 21.9015960693 6.75858449936 0.0
1685694075.994925 21.9065761566 6.76373291016 0.0
1685694076.041925 21.9136600494 6.77121257782 0.0
1685694076.075925 21.9185714722 6.77649641037 0.0
1685694076.148925 21.92918396 6.78822803497 0.0
1685694076.182925 21.9339141846 6.79360628128 0.0
1685694076.234925 21.9412250519 6.8021068573 0.0
1685694076.268925 21.9457702637 6.80751132965 0.0
1685694076.331925 21.954580307 6.81825637817 0.0
1685694076.365925 21.9590339661 6.82383346558 0.0
1685694076.398925 21.9633960724 6.82938718796 0.0
1685694076.432925 21.968000412 6.83536100388 0.0
1685694076.466925 21.9722633362 6.8409910202 0.0
1685694076.504925 21.9773387909 6.84781455994 0.0
1685694076.538925 21.981508255 6.85351467133 0.0
1685694076.588925 21.9879283905 6.86249017715 0.0
1685694076.622925 21.9919261932 6.86821889877 0.0
1685694076.658925 21.9963817596 6.8747382164 0.0
1685694076.692925 22.0003452301 6.88064432144 0.0
1685694076.725925 22.0043315887 6.88668680191 0.0
1685694076.761925 22.0087013245 6.89344596863 0.0
1685694076.795925 22.0126476288 6.89966487885 0.0
1685694076.828925 22.0166072845 6.90599536896 0.0
1685694076.880351 22.0210227966 6.91314554214 0.0
1685694076.914351 22.0249671936 6.91960430145 0.0
1685694076.969351 22.0315952301 6.93062210083 0.0
1685694077.002351 22.035533905 6.93726158142 0.0
1685694077.042351 22.0401287079 6.94507169724 0.0
1685694077.075351 22.0440330505 6.95176124573 0.0
1685694077.132351 22.0506076813 6.96319246292 0.0
1685694077.165351 22.0542755127 6.96966695786 0.0
1685694077.199351 22.0580177307 6.97633171082 0.0
1685694077.232351 22.0617542267 6.98305749893 0.0
1685694077.265351 22.0653781891 6.98967218399 0.0
1685694077.311351 22.070526123 6.99923276901 0.0
1685694077.344351 22.0740184784 7.00583219528 0.0
1685694077.377351 22.0775337219 7.01256275177 0.0
1685694077.416351 22.0816688538 7.02056789398 0.0
1685694077.449351 22.0851707458 7.02741956711 0.0
1685694077.508351 22.091217041 7.03945112228 0.0
1685694077.541351 22.0945110321 7.0461230278 0.0
1685694077.609351 22.1013317108 7.06019973755 0.0
1685694077.642351 22.1045703888 7.06701135635 0.0
1685694077.675351 22.1078052521 7.07390880585 0.0
1685694077.708351 22.1109848022 7.08077669144 0.0
1685694077.741351 22.1141548157 7.08770418167 0.0
1685694077.784351 22.1181602478 7.09658765793 0.0
1685694077.817351 22.1212711334 7.10359764099 0.0
1685694077.868351 22.1259479523 7.11425971985 0.0
1685694077.901351 22.1290588379 7.12140798569 0.0
1685694077.951351 22.1335582733 7.13189888 0.0
1685694077.985351 22.1364917755 7.13884782791 0.0
1685694078.039351 22.1413478851 7.15053462982 0.0
1685694078.072351 22.1442165375 7.15756511688 0.0
1685694078.139351 22.1499729156 7.17197275162 0.0
1685694078.173351 22.152759552 7.17909002304 0.0
1685694078.205351 22.1555118561 7.18622112274 0.0
1685694078.240351 22.1583709717 7.19374513626 0.0
1685694078.273351 22.1609745026 7.20071649551 0.0
1685694078.318351 22.1645107269 7.21039247513 0.0
1685694078.352351 22.1670665741 7.21754217148 0.0
1685694078.385351 22.1696109772 7.22477722168 0.0
1685694078.417351 22.172039032 7.23178434372 0.0
1685694078.451351 22.1745109558 7.23901748657 0.0
1685694078.484351 22.1769104004 7.2461681366 0.0
1685694078.518351 22.1793727875 7.2536444664 0.0
1685694078.552351 22.1816806793 7.2607717514 0.0
1685694078.618351 22.1863422394 7.27554416656 0.0
1685694078.652351 22.1885681152 7.28277778625 0.0
1685694078.688351 22.19099617 7.29082250595 0.0
1685694078.722351 22.1931800842 7.2982006073 0.0
1685694078.762351 22.195766449 7.30714845657 0.0
1685694078.796351 22.1978378296 7.31450653076 0.0
1685694078.834351 22.2001628876 7.32302808762 0.0
1685694078.868351 22.2021026611 7.33039569855 0.0
1685694078.901351 22.2040290833 7.33789777756 0.0
1685694078.943351 22.2064285278 7.34742069244 0.0
1685694078.977351 22.2082462311 7.35479307175 0.0
1685694079.037351 22.2115192413 7.36842823029 0.0
1685694079.071351 22.2132549286 7.37584638596 0.0
1685694079.104351 22.2149543762 7.38324689865 0.0
1685694079.163351 22.2179470062 7.39671278 0.0
1685694079.197351 22.2195510864 7.40418624878 0.0
1685694079.270351 22.2229614258 7.4207201004 0.0
1685694079.304351 22.2244300842 7.42814397812 0.0
1685694079.357351 22.226764679 7.44037628174 0.0
1685694079.368705 22.2282028198 7.44814109802 0.0
1685694079.436705 22.2311992645 7.46472978592 0.0
1685694079.470705 22.2325897217 7.47265768051 0.0
1685694079.539705 22.2354640961 7.48952436447 0.0
1685694079.573705 22.2367897034 7.4975399971 0.0
1685694079.648705 22.2397422791 7.51572799683 0.0
1685694079.682705 22.2410087585 7.52365112305 0.0
1685694079.733705 22.2429676056 7.53615379333 0.0
1685694079.767705 22.2442073822 7.54420900345 0.0
1685694079.812705 22.2458763123 7.55524539948 0.0
1685694079.846705 22.2470855713 7.56338214874 0.0
1685694079.886705 22.2485141754 7.57314920425 0.0
1685694079.920705 22.2496738434 7.58119058609 0.0
1685694079.977705 22.251663208 7.59522438049 0.0
1685694080.011705 22.2527694702 7.60317134857 0.0
1685694080.062705 22.2544841766 7.61570978165 0.0
1685694080.096705 22.255569458 7.6237616539 0.0
1685694080.134705 22.2568244934 7.63317012787 0.0
1685694080.168705 22.2578620911 7.64107513428 0.0
1685694080.219705 22.2594661713 7.65357732773 0.0
1685694080.253705 22.2604789734 7.66166448593 0.0
1685694080.307705 22.2620887756 7.67495679855 0.0
1685694080.341705 22.2630233765 7.68295097351 0.0
1685694080.379705 22.2640953064 7.6924071312 0.0
1685694080.413705 22.2649879456 7.70050811768 0.0
1685694080.470705 22.2664833069 7.71452665329 0.0
1685694080.504705 22.2673053741 7.72253322601 0.0
1685694080.537705 22.2681064606 7.73049116135 0.0
1685694080.588705 22.2693462372 7.74321269989 0.0
1685694080.622705 22.2700939178 7.75122690201 0.0
1685694080.671705 22.2711849213 7.76337766647 0.0
1685694080.705705 22.2718868256 7.77147197723 0.0
1685694080.737705 22.272562027 7.77954292297 0.0
1685694080.770705 22.2732009888 7.78743934631 0.0
1685694080.829705 22.2743206024 7.80182313919 0.0
1685694080.862705 22.2749347687 7.80997562408 0.0
1685694080.903705 22.2756614685 7.81997203827 0.0
1685694080.936705 22.2762298584 7.82802629471 0.0
1685694080.983705 22.2770214081 7.83951568604 0.0
1685694081.016705 22.2775478363 7.84742021561 0.0
1685694081.055705 22.2781620026 7.85701847076 0.0
1685694081.088705 22.2786598206 7.86507701874 0.0
1685694081.129705 22.2792434692 7.87503242493 0.0
1685694081.162705 22.2796859741 7.88311958313 0.0
1685694081.206705 22.2802371979 7.89391326904 0.0
1685694081.239705 22.2806282043 7.90200328827 0.0
1685694081.272705 22.2810020447 7.9100689888 0.0
1685694081.306705 22.2813568115 7.91818571091 0.0
1685694081.363705 22.2819194794 7.93217134476 0.0
1685694081.396705 22.2822113037 7.94018936157 0.0
1685694081.429705 22.2824859619 7.94828414917 0.0
1685694081.462705 22.2827415466 7.95640468597 0.0
1685694081.495705 22.2829856873 7.96460151672 0.0
1685694081.531705 22.2832279205 7.97338104248 0.0
1685694081.564705 22.2834224701 7.98135137558 0.0
1685694081.597705 22.2835998535 7.98949956894 0.0
1685694081.635705 22.2837810516 7.99886274338 0.0
1685694081.668705 22.2839126587 8.00660705566 0.0
1685694081.712705 22.2840747833 8.01741313934 0.0
1685694081.745705 22.2841911316 8.02568912506 0.0
1685694081.811705 22.2843894958 8.04165935516 0.0
1685694081.844705 22.2844696045 8.04970741272 0.0
1685694081.888907 22.2845306396 8.05790805817 0.0
1685694081.922907 22.2845726013 8.06646251678 0.0
1685694081.955907 22.2845897675 8.07441043854 0.0
1685694082.010907 22.2845649719 8.08785057068 0.0
1685694082.043907 22.2845230103 8.09589958191 0.0
1685694082.112907 22.2843589783 8.11280632019 0.0
1685694082.146907 22.2842407227 8.12087917328 0.0
1685694082.203907 22.2839756012 8.13505077362 0.0
1685694082.237907 22.2837944031 8.14314842224 0.0
1685694082.279907 22.283536911 8.15357303619 0.0
1685694082.313907 22.2833194733 8.16182136536 0.0
1685694082.375907 22.2828617096 8.17715263367 0.0
1685694082.409907 22.2825870514 8.18519687653 0.0
1685694082.462907 22.2821044922 8.19819736481 0.0
1685694082.496907 22.2817802429 8.20623970032 0.0
1685694082.579907 22.280872345 8.22679710388 0.0
1685694082.613907 22.2804927826 8.23473548889 0.0
1685694082.659907 22.2799167633 8.24623775482 0.0
1685694082.693907 22.2794914246 8.25435161591 0.0
1685694082.726907 22.2790470123 8.26256561279 0.0
1685694082.767907 22.2784805298 8.27264881134 0.0
1685694082.801907 22.2780151367 8.28065872192 0.0
1685694082.843907 22.277381897 8.29116916656 0.0
1685694082.877907 22.2768783569 8.29925251007 0.0
1685694082.915907 22.276266098 8.30869865417 0.0
1685694082.949907 22.2757129669 8.3168554306 0.0
1685694082.982907 22.2751483917 8.32488441467 0.0
1685694083.022907 22.2744293213 8.33472919464 0.0
1685694083.056907 22.273809433 8.34293174744 0.0
1685694083.089907 22.2731781006 8.35100650787 0.0
1685694083.126907 22.272436142 8.36021518707 0.0
1685694083.160907 22.2717704773 8.36826133728 0.0
1685694083.193907 22.271062851 8.37655830383 0.0
1685694083.227907 22.2703437805 8.38475322723 0.0
1685694083.260907 22.2696380615 8.39256763458 0.0
1685694083.305907 22.2685909271 8.40368080139 0.0
1685694083.339907 22.2677974701 8.41181755066 0.0
1685694083.381907 22.2667617798 8.42211818695 0.0
1685694083.415907 22.265914917 8.43030071259 0.0
1685694083.448907 22.2650623322 8.43835544586 0.0
1685694083.493907 22.2638549805 8.449426651 0.0
1685694083.527907 22.2629623413 8.45740032196 0.0
1685694083.560907 22.2620506287 8.46542263031 0.0
1685694083.601907 22.2608509064 8.475730896 0.0
1685694083.635907 22.2598800659 8.48387432098 0.0
1685694083.682907 22.2584705353 8.49540615082 0.0
1685694083.716907 22.2574672699 8.50341796875 0.0
1685694083.773907 22.2556858063 8.51732635498 0.0
1685694083.807907 22.2546215057 8.52548313141 0.0
1685694083.843907 22.2534389496 8.53439044952 0.0
1685694083.877907 22.2523536682 8.54236602783 0.0
1685694083.910907 22.2512607574 8.55026340485 0.0
1685694083.943907 22.250125885 8.55830860138 0.0
1685694083.975907 22.2489871979 8.56625080109 0.0
1685694084.009907 22.2478256226 8.57429218292 0.0
1685694084.057907 22.2461338043 8.58593940735 0.0
1685694084.091907 22.2449741364 8.59382724762 0.0
1685694084.124907 22.2437953949 8.60173797607 0.0
1685694084.166907 22.2422466278 8.61197376251 0.0
1685694084.200907 22.241027832 8.61990356445 0.0
1685694084.249907 22.2391586304 8.63188266754 0.0
1685694084.283907 22.2378864288 8.63993263245 0.0
1685694084.329907 22.2361049652 8.65110492706 0.0
1685694084.363907 22.2348041534 8.65922737122 0.0
1685694084.404999 22.2333049774 8.66849708557 0.0
1685694084.438999 22.2319869995 8.67651462555 0.0
1685694084.471999 22.2306537628 8.68455505371 0.0
1685694084.513999 22.2289428711 8.69486713409 0.0
1685694084.546999 22.2276287079 8.70275688171 0.0
1685694084.585999 22.2260360718 8.71221637726 0.0
1685694084.618999 22.224691391 8.72010040283 0.0
1685694084.675999 22.2223415375 8.73366737366 0.0
1685694084.708999 22.2209339142 8.74169445038 0.0
1685694084.754999 22.2189750671 8.75270938873 0.0
1685694084.788999 22.2175426483 8.76065540314 0.0
1685694084.851999 22.2147521973 8.7759180069 0.0
1685694084.885999 22.2132854462 8.78380680084 0.0
1685694084.943999 22.2106018066 8.79795646667 0.0
1685694084.976999 22.2090568542 8.80593299866 0.0
1685694085.025999 22.2067775726 8.81750583649 0.0
1685694085.059999 22.2052097321 8.82532310486 0.0
1685694085.095999 22.203414917 8.83412742615 0.0
1685694085.128999 22.2017459869 8.84220790863 0.0
1685694085.202999 22.1980400085 8.85976600647 0.0
1685694085.235999 22.1962985992 8.86783123016 0.0
1685694085.290999 22.1934299469 8.88090991974 0.0
1685694085.323999 22.1916790009 8.88879203796 0.0
1685694085.389999 22.1881923676 8.90445518494 0.0
1685694085.422999 22.1864356995 8.91233539581 0.0
1685694085.479999 22.183423996 8.92569351196 0.0
1685694085.512999 22.1816730499 8.93336772919 0.0
1685694085.586999 22.1775608063 8.95114707947 0.0
1685694085.619999 22.1757411957 8.9589099884 0.0
1685694085.664999 22.1732654572 8.96935176849 0.0
1685694085.697999 22.1713981628 8.97712898254 0.0
1685694085.747999 22.1685161591 8.9889831543 0.0
1685694085.781999 22.1666221619 8.99667549133 0.0
1685694085.813999 22.1646957397 9.00443840027 0.0
1685694085.847999 22.1627521515 9.01219654083 0.0
1685694085.880999 22.1607341766 9.02017116547 0.0
1685694085.913999 22.1587772369 9.02784824371 0.0
1685694085.956999 22.1561489105 9.03806972504 0.0
1685694085.990999 22.1541404724 9.04581165314 0.0
1685694086.023999 22.15209198 9.053647995 0.0
1685694086.062999 22.1495761871 9.06316661835 0.0
1685694086.096999 22.14752388 9.07084465027 0.0
1685694086.157999 22.143579483 9.08543109894 0.0
1685694086.191999 22.1414585114 9.09319591522 0.0
1685694086.223999 22.1392726898 9.10115242004 0.0
1685694086.257999 22.1371383667 9.10886096954 0.0
1685694086.290999 22.1349983215 9.11654090881 0.0
1685694086.325999 22.1326465607 9.12489795685 0.0
1685694086.359999 22.1304130554 9.13273620605 0.0
1685694086.417999 22.1264209747 9.14659976959 0.0
1685694086.451999 22.1242084503 9.15423297882 0.0
1685694086.484999 22.121931076 9.16203212738 0.0
1685694086.523999 22.1191978455 9.17130661011 0.0
1685694086.557999 22.1169204712 9.17897415161 0.0
1685694086.590999 22.1146430969 9.18661499023 0.0
1685694086.625999 22.1121463776 9.19495677948 0.0
1685694086.659999 22.1098499298 9.20259189606 0.0
1685694086.704999 22.1066684723 9.21307945251 0.0
1685694086.738999 22.104309082 9.22080135345 0.0
1685694086.771999 22.1019687653 9.22842311859 0.0
1685694086.816999 22.0986785889 9.23908901215 0.0
1685694086.850999 22.0962753296 9.24685001373 0.0
1685694086.905999 22.092218399 9.25982189178 0.0
1685694086.954015 22.0897369385 9.26766490936 0.0
1685694086.988015 22.0872020721 9.27562332153 0.0
1685694087.022015 22.0847129822 9.283411026 0.0
1685694087.054015 22.0822563171 9.29107570648 0.0
1685694087.088015 22.0797653198 9.29880905151 0.0
1685694087.143015 22.0756111145 9.31164455414 0.0
1685694087.177015 22.0730953217 9.31937026978 0.0
1685694087.227015 22.0692195892 9.33117771149 0.0
1685694087.261015 22.0666675568 9.33889102936 0.0
1685694087.332015 22.0611515045 9.35535430908 0.0
1685694087.366015 22.0585193634 9.36312103271 0.0
1685694087.399015 22.0559616089 9.37064552307 0.0
1685694087.438015 22.0528755188 9.37970161438 0.0
1685694087.472015 22.0502567291 9.38736534119 0.0
1685694087.505015 22.0476799011 9.39485645294 0.0
1685694087.538015 22.0450592041 9.40241336823 0.0
1685694087.571015 22.0424003601 9.41003704071 0.0
1685694087.609015 22.0393218994 9.41882801056 0.0
1685694087.643015 22.0366630554 9.42639827728 0.0
1685694087.676015 22.0339889526 9.43396282196 0.0
1685694087.713015 22.0308914185 9.44266605377 0.0
1685694087.747015 22.0281524658 9.45031547546 0.0
1685694087.787015 22.0247859955 9.459649086 0.0
1685694087.821015 22.0220184326 9.46726036072 0.0
1685694087.865015 22.0183143616 9.47738647461 0.0
1685694087.899015 22.0154647827 9.48515701294 0.0
1685694087.937015 22.0121555328 9.49413394928 0.0
1685694087.971015 22.0093536377 9.50167942047 0.0
1685694088.027015 22.0045166016 9.51462459564 0.0
1685694088.061015 22.0016880035 9.52215957642 0.0
1685694088.094015 21.9988327026 9.52973842621 0.0
1685694088.142015 21.9945716858 9.54095363617 0.0
1685694088.176015 21.991689682 9.54846858978 0.0
1685694088.254015 21.9847602844 9.5663318634 0.0
1685694088.288015 21.9818382263 9.57377719879 0.0
1685694088.347015 21.9764995575 9.58723449707 0.0
1685694088.381015 21.9734859467 9.59475231171 0.0
1685694088.432015 21.9687614441 9.60646533966 0.0
1685694088.466015 21.9657688141 9.61385536194 0.0
1685694088.522015 21.9605541229 9.62662601471 0.0
1685694088.555015 21.9575061798 9.63402080536 0.0
1685694088.588015 21.9544048309 9.64150238037 0.0
1685694088.643015 21.9492034912 9.65394973755 0.0
1685694088.677015 21.9460830688 9.66136932373 0.0
1685694088.727015 21.9412498474 9.67279148102 0.0
1685694088.760015 21.9380970001 9.68019771576 0.0
1685694088.810015 21.933259964 9.6914806366 0.0
1685694088.844015 21.9300498962 9.69891643524 0.0
1685694088.918015 21.9226856232 9.71583461761 0.0
1685694088.951015 21.9194889069 9.72311115265 0.0
1685694088.993015 21.915309906 9.73255443573 0.0
1685694089.026015 21.9120464325 9.73988437653 0.0
1685694089.059015 21.9087677002 9.7472076416 0.0
1685694089.092015 21.9055042267 9.75445365906 0.0
1685694089.138015 21.9008731842 9.76463794708 0.0
1685694089.171015 21.8975162506 9.77195358276 0.0
1685694089.205015 21.894077301 9.77939891815 0.0
1685694089.238015 21.8907165527 9.78662872314 0.0
1685694089.278015 21.886548996 9.79552078247 0.0
1685694089.311015 21.8830699921 9.80289077759 0.0
1685694089.344015 21.8796348572 9.81014156342 0.0
1685694089.386015 21.8752403259 9.81937503815 0.0
1685694089.419015 21.8717842102 9.826587677 0.0
1685694089.435936 21.8675899506 9.83527088165 0.0
1685694089.469936 21.8640804291 9.84248638153 0.0
1685694089.502936 21.8605232239 9.84976291656 0.0
1685694089.570936 21.8530750275 9.8648853302 0.0
1685694089.603936 21.8495426178 9.87200450897 0.0
1685694089.659936 21.8434028625 9.88432884216 0.0
1685694089.692936 21.8398170471 9.89150619507 0.0
1685694089.726936 21.8360748291 9.89897346497 0.0
1685694089.760936 21.8324489594 9.9061870575 0.0
1685694089.806936 21.8273429871 9.91628360748 0.0
1685694089.840936 21.8236999512 9.92343235016 0.0
1685694089.873936 21.8199424744 9.93077850342 0.0
1685694089.907936 21.8163127899 9.9378490448 0.0
1685694089.949936 21.8115329742 9.94708824158 0.0
1685694089.983936 21.8078708649 9.95411300659 0.0
1685694090.030936 21.8024196625 9.96451568604 0.0
1685694090.064936 21.7986927032 9.97159290314 0.0
1685694090.096936 21.7949714661 9.9786157608 0.0
1685694090.132936 21.7907810211 9.98644924164 0.0
1685694090.166936 21.7869358063 9.99357700348 0.0
1685694090.203936 21.7826213837 10.0015449524 0.0
1685694090.237936 21.778793335 10.0085964203 0.0
1685694090.270936 21.7749156952 10.015707016 0.0
1685694090.307936 21.7705001831 10.0237646103 0.0
1685694090.341936 21.7665672302 10.0309028625 0.0
1685694090.374936 21.7626552582 10.0379657745 0.0
1685694090.408936 21.7585945129 10.0452642441 0.0
1685694090.442936 21.7546234131 10.0523815155 0.0
1685694090.475936 21.7506580353 10.059472084 0.0
1685694090.511936 21.746307373 10.0672178268 0.0
1685694090.545936 21.7423229218 10.074297905 0.0
1685694090.586936 21.737329483 10.0831346512 0.0
1685694090.620936 21.7333526611 10.0901327133 0.0
1685694090.653936 21.729352951 10.0971460342 0.0
1685694090.686936 21.7252807617 10.1042633057 0.0
1685694090.719936 21.7212696075 10.1112422943 0.0
1685694090.758936 21.7165603638 10.119395256 0.0
1685694090.792936 21.7125339508 10.126335144 0.0
1685694090.848936 21.7055797577 10.1382474899 0.0
1685694090.882936 21.7014331818 10.1452922821 0.0
1685694090.915936 21.6973991394 10.1521100998 0.0
1685694090.956936 21.6921844482 10.1608772278 0.0
1685694090.990936 21.6880645752 10.1677618027 0.0
1685694091.052936 21.6801986694 10.1808414459 0.0
1685694091.086936 21.6760139465 10.1877765656 0.0
1685694091.119936 21.6718711853 10.1946182251 0.0
1685694091.152936 21.6676769257 10.2015171051 0.0
1685694091.185936 21.6634311676 10.2084732056 0.0
1685694091.218936 21.6592254639 10.2153358459 0.0
1685694091.254936 21.65467453 10.2227296829 0.0
1685694091.288936 21.6503620148 10.2297039032 0.0
1685694091.338936 21.6437835693 10.2403068542 0.0
1685694091.372936 21.6395492554 10.2471218109 0.0
1685694091.456936 21.6285324097 10.2647714615 0.0
1685694091.490936 21.6243228912 10.2714824677 0.0
1685694091.571936 21.6136989594 10.2882423401 0.0
1685694091.605936 21.6093120575 10.2950811386 0.0
1685694091.656936 21.6025218964 10.3056097031 0.0
1685694091.690936 21.5981559753 10.3123416901 0.0
1685694091.737936 21.5917243958 10.3221979141 0.0
1685694091.771936 21.5872249603 10.3290538788 0.0
1685694091.804936 21.5828895569 10.3356237411 0.0
1685694091.842936 21.5777816772 10.3432912827 0.0
1685694091.876936 21.5733356476 10.3499097824 0.0
1685694091.952723 21.5653190613 10.3617219925 0.0
1685694091.986723 21.5609607697 10.368062973 0.0
1685694092.025723 21.5557804108 10.375497818 0.0
1685694092.059723 21.5515155792 10.3815336227 0.0
1685694092.092723 21.5471458435 10.3876504898 0.0
1685694092.134723 21.5413093567 10.3957366943 0.0
1685694092.168723 21.5368614197 10.4018592834 0.0
1685694092.218723 21.5300331116 10.411195755 0.0
1685694092.252723 21.525554657 10.4172649384 0.0
1685694092.302723 21.5186157227 10.4265832901 0.0
1685694092.336723 21.5140800476 10.4326095581 0.0
1685694092.384723 21.5072956085 10.4415054321 0.0
1685694092.418723 21.5026245117 10.447555542 0.0
1685694092.454723 21.4974403381 10.4542016983 0.0
1685694092.487723 21.4927864075 10.460105896 0.0
1685694092.521723 21.4879283905 10.4662036896 0.0
1685694092.555723 21.4829864502 10.4723310471 0.0
1685694092.588723 21.4781684875 10.4782323837 0.0
1685694092.622723 21.4733886719 10.4840335846 0.0
1685694092.658723 21.4679679871 10.4905538559 0.0
1685694092.691723 21.4631137848 10.4963264465 0.0
1685694092.724723 21.4582939148 10.5019960403 0.0
1685694092.761723 21.4527282715 10.5084600449 0.0
1685694092.794723 21.4477176666 10.5141992569 0.0
1685694092.843723 21.4403057098 10.5225782394 0.0
1685694092.876723 21.4353103638 10.5281629562 0.0
1685694092.919723 21.4287376404 10.5354261398 0.0
1685694092.952723 21.4236412048 10.5409860611 0.0
1685694092.985723 21.4184856415 10.5465602875 0.0
1685694093.028723 21.4117450714 10.553771019 0.0
1685694093.061723 21.4066009521 10.5592184067 0.0
1685694093.113723 21.3984241486 10.5677881241 0.0
1685694093.146723 21.3932723999 10.5731229782 0.0
1685694093.188723 21.3865337372 10.5800218582 0.0
1685694093.221723 21.3811988831 10.5854244232 0.0
1685694093.270723 21.3733959198 10.5932283401 0.0
1685694093.304723 21.3679580688 10.5986003876 0.0
1685694093.370723 21.3570156097 10.6092405319 0.0
1685694093.404723 21.3515319824 10.6144924164 0.0
1685694093.472723 21.3399810791 10.6254110336 0.0
1685694093.506723 21.334394455 10.6306285858 0.0
1685694093.538723 21.3288230896 10.6357870102 0.0
1685694093.573723 21.3230018616 10.641122818 0.0
1685694093.607723 21.3174610138 10.6461648941 0.0
1685694093.646723 21.3106765747 10.6522846222 0.0
1685694093.680723 21.3050251007 10.6573181152 0.0
1685694093.713723 21.2993278503 10.6623382568 0.0
1685694093.746723 21.2934169769 10.6674976349 0.0
1685694093.780723 21.2877082825 10.6724271774 0.0
1685694093.826723 21.2797050476 10.679268837 0.0
1685694093.860723 21.2738761902 10.6842136383 0.0
1685694093.906723 21.2656707764 10.6910915375 0.0
1685694093.940723 21.2598743439 10.6958789825 0.0
1685694093.977723 21.2530937195 10.701420784 0.0
1685694094.011723 21.2472305298 10.7061662674 0.0
1685694094.065723 21.2375030518 10.7139005661 0.0
1685694094.099723 21.2315387726 10.7185573578 0.0
1685694094.152723 21.2218112946 10.7260465622 0.0
1685694094.186723 21.2157649994 10.7306404114 0.0
1685694094.247723 21.2043838501 10.7391729355 0.0
1685694094.281723 21.1983795166 10.7436113358 0.0
1685694094.343723 21.1867351532 10.7520866394 0.0
1685694094.377723 21.1805667877 10.7565145493 0.0
1685694094.432723 21.1701049805 10.7639474869 0.0
1685694094.466723 21.163892746 10.7683134079 0.0
1685694094.507408 21.1529541016 10.7759008408 0.0
1685694094.541408 21.1467475891 10.7801437378 0.0
1685694094.627408 21.1303043365 10.7912054062 0.0
1685694094.661408 21.1238899231 10.7954540253 0.0
1685694094.723408 21.111951828 10.8032341003 0.0
1685694094.757408 21.1054515839 10.8073987961 0.0
1685694094.795408 21.097984314 10.8121194839 0.0
1685694094.829408 21.0916061401 10.8160963058 0.0
1685694094.863408 21.0848827362 10.8202381134 0.0
1685694094.897408 21.0783538818 10.824213028 0.0
1685694094.938408 21.070306778 10.8290529251 0.0
1685694094.972408 21.0637798309 10.8329343796 0.0
1685694095.005408 21.0570831299 10.8368759155 0.0
1685694095.039408 21.0505905151 10.8406658173 0.0
1685694095.095408 21.0393791199 10.8471164703 0.0
1685694095.129408 21.0328140259 10.8508310318 0.0
1685694095.187408 21.021074295 10.8573741913 0.0
1685694095.221408 21.0142860413 10.8611030579 0.0
1685694095.273408 21.0077495575 10.8646602631 0.0
1685694095.289408 21.0006847382 10.8684654236 0.0
1685694095.322408 20.9940280914 10.8720121384 0.0
1685694095.363408 20.9856567383 10.8764324188 0.0
1685694095.397408 20.9788837433 10.8799734116 0.0
1685694095.436408 20.9707679749 10.8841714859 0.0
1685694095.470408 20.9639625549 10.8876504898 0.0
1685694095.513408 20.9550151825 10.8921689987 0.0
1685694095.547408 20.9482021332 10.8955802917 0.0
1685694095.589408 20.939447403 10.8999166489 0.0
1685694095.623408 20.9327144623 10.9032020569 0.0
1685694095.664408 20.9241580963 10.9073114395 0.0
1685694095.698408 20.9173183441 10.9105501175 0.0
1685694095.731408 20.9105548859 10.9137144089 0.0
1685694095.764408 20.903591156 10.9169282913 0.0
1685694095.797408 20.8966598511 10.920088768 0.0
1685694095.830408 20.9034690857 10.9170265198 0.0
1685694095.877408 20.8936767578 10.9213542938 0.0
1685694095.911408 20.8866462708 10.9244165421 0.0
1685694095.952408 20.8778553009 10.9281921387 0.0
1685694095.986408 20.8709106445 10.9311361313 0.0
1685694096.028408 20.8618717194 10.9349088669 0.0
1685694096.062408 20.8548698425 10.9377822876 0.0
1685694096.095408 20.8478794098 10.9406137466 0.0
1685694096.130408 20.8402862549 10.9436426163 0.0
1685694096.164408 20.8332443237 10.9464149475 0.0
1685694096.205408 20.8243255615 10.9498786926 0.0
1685694096.239408 20.8174476624 10.9525117874 0.0
1685694096.273408 20.8099651337 10.9553384781 0.0
1685694096.306408 20.8028030396 10.9580078125 0.0
1685694096.339408 20.7956733704 10.9606208801 0.0
1685694096.382408 20.7863578796 10.9639644623 0.0
1685694096.416408 20.7791004181 10.9665222168 0.0
1685694096.449408 20.7719535828 10.9690084457 0.0
1685694096.483408 20.7644844055 10.9715709686 0.0
1685694096.516408 20.7572669983 10.9740123749 0.0
1685694096.559408 20.7479991913 10.9771051407 0.0
1685694096.592408 20.7407150269 10.9795026779 0.0
1685694096.626408 20.7335662842 10.9818258286 0.0
1685694096.667408 20.7245998383 10.9846982956 0.0
1685694096.700408 20.7175521851 10.9869251251 0.0
1685694096.735408 20.709941864 10.9893007278 0.0
1685694096.768408 20.7026348114 10.9915428162 0.0
1685694096.801408 20.6954860687 10.9936981201 0.0
1685694096.848408 20.6849994659 10.996796608 0.0
1685694096.881408 20.6778278351 10.9988775253 0.0
1685694096.936408 20.6658229828 11.0022821426 0.0
1685694096.962563 20.658624649 11.0042648315 0.0
1685694096.995563 20.6512947083 11.0062456131 0.0
1685694097.030563 20.6435375214 11.0082988739 0.0
1685694097.063563 20.6363353729 11.0101680756 0.0
1685694097.098563 20.6286087036 11.012134552 0.0
1685694097.132563 20.6211681366 11.0139923096 0.0
1685694097.185563 20.6091918945 11.016910553 0.0
1685694097.218563 20.6019496918 11.0186233521 0.0
1685694097.276563 20.5889987946 11.0215959549 0.0
1685694097.310563 20.5816383362 11.0232419968 0.0
1685694097.371563 20.5678367615 11.0262403488 0.0
1685694097.405563 20.5604324341 11.0278053284 0.0
1685694097.478563 20.5438938141 11.0311965942 0.0
1685694097.512563 20.5365200043 11.032658577 0.0
1685694097.590563 20.5187931061 11.0360364914 0.0
1685694097.624563 20.5113735199 11.0373916626 0.0
1685694097.694563 20.495470047 11.0401878357 0.0
1685694097.728563 20.4880828857 11.0414419174 0.0
1685694097.779563 20.4762687683 11.0433750153 0.0
1685694097.813563 20.4687423706 11.0445556641 0.0
1685694097.866563 20.4566001892 11.0463619232 0.0
1685694097.900563 20.4491062164 11.0474119186 0.0
1685694097.933563 20.4416065216 11.0484209061 0.0
1685694097.973563 20.4323425293 11.0496110916 0.0
1685694098.007563 20.4248313904 11.0505313873 0.0
1685694098.054563 20.4138946533 11.0517940521 0.0
1685694098.088563 20.4063453674 11.052611351 0.0
1685694098.127563 20.3974571228 11.053524971 0.0
1685694098.161563 20.390001297 11.0542526245 0.0
1685694098.194563 20.382390976 11.0549592972 0.0
1685694098.234563 20.3730869293 11.0557756424 0.0
1685694098.268563 20.365644455 11.0563850403 0.0
1685694098.325563 20.3524703979 11.0573806763 0.0
1685694098.359563 20.344871521 11.0579156876 0.0
1685694098.409563 20.3333282471 11.0586643219 0.0
1685694098.443563 20.3256225586 11.0591201782 0.0
1685694098.476563 20.3179397583 11.0595426559 0.0
1685694098.532563 20.304895401 11.0601997375 0.0
1685694098.566563 20.2974872589 11.0605459213 0.0
1685694098.617563 20.2857532501 11.0610160828 0.0
1685694098.651563 20.2781639099 11.0612611771 0.0
1685694098.698563 20.2667770386 11.0615577698 0.0
1685694098.732563 20.2587814331 11.0617265701 0.0
1685694098.773563 20.2484302521 11.0619211197 0.0
1685694098.807563 20.2401294708 11.0620613098 0.0
1685694098.840563 20.2319049835 11.0621938705 0.0
1685694098.881563 20.2216053009 11.0623788834 0.0
1685694098.915563 20.2133045197 11.06254673 0.0
1685694098.964563 20.2010059357 11.0628013611 0.0
1685694098.998563 20.1926803589 11.0629758835 0.0
1685694099.031563 20.1845321655 11.0631504059 0.0
1685694099.074563 20.1737518311 11.0633707047 0.0
1685694099.108563 20.1654758453 11.0635261536 0.0
1685694099.141563 20.1571998596 11.0636749268 0.0
1685694099.178563 20.1477603912 11.0638437271 0.0
1685694099.212563 20.1393089294 11.0640001297 0.0
1685694099.270563 20.1246566772 11.0642776489 0.0
1685694099.304563 20.1163806915 11.0644378662 0.0
1685694099.348563 20.1051959991 11.0646696091 0.0
1685694099.382563 20.0968208313 11.0648574829 0.0
1685694099.417563 20.0879135132 11.0650596619 0.0
1685694099.451563 20.0796642303 11.0652418137 0.0
1685694099.545043 20.0647106171 11.0655908585 0.0
1685694099.579043 20.0563354492 11.0657978058 0.0
1685694099.613043 20.047580719 11.0660057068 0.0
1685694099.647043 20.0394325256 11.0661888123 0.0
1685694099.680043 20.0311584473 11.0663700104 0.0
1685694099.719043 20.0214672089 11.066573143 0.0
1685694099.753043 20.0131168365 11.066740036 0.0
1685694099.786043 20.0048675537 11.0669078827 0.0
1685694099.819043 19.9964408875 11.0670871735 0.0
1685694099.853043 19.988368988 11.0672578812 0.0
1685694099.905043 19.9752101898 11.0675401688 0.0
1685694099.939043 19.9669857025 11.0677270889 0.0
1685694100.004043 19.9504871368 11.0681066513 0.0
1685694100.038043 19.9421882629 11.0683002472 0.0
1685694100.082043 19.9309024811 11.0685567856 0.0
1685694100.116043 19.9226531982 11.0687351227 0.0
1685694100.156043 19.9123802185 11.0689601898 0.0
1685694100.190043 19.9040813446 11.069149971 0.0
1685694100.227043 19.8946685791 11.0693693161 0.0
1685694100.260043 19.8864440918 11.069560051 0.0
1685694100.303043 19.8757152557 11.0698156357 0.0
1685694100.336043 19.8673648834 11.070025444 0.0
1685694100.400043 19.8516769409 11.0704250336 0.0
1685694100.434043 19.8434791565 11.0706291199 0.0
1685694100.496043 19.8275127411 11.0710268021 0.0
1685694100.532043 19.8189105988 11.0712442398 0.0
1685694100.589043 19.8046913147 11.0716094971 0.0
1685694100.623043 19.7965183258 11.0718173981 0.0
1685694100.687043 19.780374527 11.0722293854 0.0
1685694100.720043 19.7721767426 11.0724430084 0.0
1685694100.780043 19.7573490143 11.0728034973 0.0
1685694100.814043 19.7490501404 11.0729980469 0.0
1685694100.857043 19.7381439209 11.0732507706 0.0
1685694100.890043 19.7297172546 11.0734357834 0.0
1685694100.926043 19.7208099365 11.0736293793 0.0
1685694100.960043 19.7123584747 11.0738210678 0.0
1685694100.993043 19.7040328979 11.0740127563 0.0
1685694101.034043 19.6937084198 11.0742444992 0.0
1685694101.068043 19.685333252 11.0744285583 0.0
1685694101.100043 19.6771602631 11.0746145248 0.0
1685694101.135043 19.6685581207 11.0748281479 0.0
1685694101.169043 19.6602592468 11.075050354 0.0
1685694101.214043 19.6489753723 11.0753641129 0.0
1685694101.247043 19.6406269073 11.0755987167 0.0
1685694101.281043 19.6323280334 11.0758314133 0.0
1685694101.315043 19.6237506866 11.0760622025 0.0
1685694101.348043 19.6157054901 11.0762691498 0.0
1685694101.381043 19.6074066162 11.0764760971 0.0
1685694101.415043 19.5991325378 11.0766782761 0.0
1685694101.455043 19.5890617371 11.0769195557 0.0
1685694101.489043 19.5808639526 11.0771112442 0.0
1685694101.529043 19.5707931519 11.0773267746 0.0
1685694101.563043 19.5623416901 11.0774803162 0.0
1685694101.603043 19.5522956848 11.0776472092 0.0
1685694101.637043 19.5441207886 11.0777807236 0.0
1685694101.676043 19.5340995789 11.0779342651 0.0
1685694101.710043 19.5257740021 11.0780515671 0.0
1685694101.759043 19.5132465363 11.0782213211 0.0
1685694101.793043 19.504945755 11.078335762 0.0
1685694101.827043 19.4962654114 11.078458786 0.0
1685694101.861043 19.4878883362 11.0785856247 0.0
1685694101.895043 19.479183197 11.0787296295 0.0
1685694101.929043 19.4709072113 11.0788707733 0.0
1685694101.969043 19.4607334137 11.0790519714 0.0
1685694102.003043 19.4526348114 11.0792016983 0.0
1685694102.008370 19.4439544678 11.0793590546 0.0
1685694102.042370 19.4357795715 11.0795030594 0.0
1685694102.086370 19.4246444702 11.0797052383 0.0
1685694102.120370 19.4162425995 11.0798692703 0.0
1685694102.153370 19.4078407288 11.080039978 0.0
1685694102.186370 19.3996677399 11.0802059174 0.0
1685694102.219370 19.3914432526 11.0803670883 0.0
1685694102.266370 19.3797779083 11.0805959702 0.0
1685694102.300370 19.3716049194 11.0807647705 0.0
1685694102.361370 19.3562698364 11.0810880661 0.0
1685694102.395370 19.3478679657 11.0812711716 0.0
1685694102.457370 19.3322811127 11.0816068649 0.0
1685694102.491370 19.3240566254 11.0817689896 0.0
1685694102.530370 19.3140106201 11.0819597244 0.0
1685694102.564370 19.3056602478 11.0821218491 0.0
1685694102.607370 19.2947292328 11.0823440552 0.0
1685694102.641370 19.2863540649 11.0825138092 0.0
1685694102.674370 19.278181076 11.0826797485 0.0
1685694102.706370 19.2699813843 11.0828475952 0.0
1685694102.740370 19.2616558075 11.0830144882 0.0
1685694102.773370 19.2534828186 11.0831756592 0.0
1685694102.806370 19.2450313568 11.0833435059 0.0
1685694102.840370 19.2368583679 11.0835027695 0.0
1685694102.879370 19.2269382477 11.0836906433 0.0
1685694102.913370 19.218662262 11.0838508606 0.0
1685694102.947370 19.2099056244 11.084022522 0.0
1685694102.981370 19.2016811371 11.0841836929 0.0
1685694103.014370 19.1936340332 11.0843391418 0.0
1685694103.053370 19.1836891174 11.0845270157 0.0
1685694103.087370 19.1754894257 11.0846843719 0.0
1685694103.128370 19.165189743 11.0848875046 0.0
1685694103.162370 19.1569156647 11.085059166 0.0
1685694103.195370 19.1487426758 11.0852279663 0.0
1685694103.229370 19.1401386261 11.0853996277 0.0
1685694103.262370 19.1318626404 11.0855579376 0.0
1685694103.320370 19.1173362732 11.0858297348 0.0
1685694103.354370 19.1090354919 11.08598423 0.0
1685694103.414370 19.0938262939 11.0862674713 0.0
1685694103.448370 19.0854759216 11.0864248276 0.0
1685694103.491370 19.0744419098 11.0866346359 0.0
1685694103.525370 19.066318512 11.0867967606 0.0
1685694103.600370 19.0472640991 11.0871753693 0.0
1685694103.634370 19.0389385223 11.0873346329 0.0
1685694103.699370 19.0227165222 11.0876302719 0.0
1685694103.733370 19.0144672394 11.087770462 0.0
1685694103.791370 18.9997882843 11.088019371 0.0
1685694103.825370 18.9915122986 11.0881605148 0.0
1685694103.858370 18.9833126068 11.0882959366 0.0
1685694103.898370 18.9732151031 11.0884513855 0.0
1685694103.932370 18.9650154114 11.0885658264 0.0
1685694103.978370 18.9533729553 11.0887403488 0.0
1685694104.012370 18.945148468 11.0888834 0.0
1685694104.067370 18.9370002747 11.0890283585 0.0
1685694104.078370 18.9290275574 11.0891590118 0.0
1685694104.111370 18.9206752777 11.0892953873 0.0
1685694104.146370 18.912273407 11.0894346237 0.0
