site examples：  
1. Customer = [(3120841.15394074, 38392434.4762674),(3120839.46660233,  38392429.8455329),(3120846.50508882, 38392435.9976457 ),(3120851.84295598, 38392434.0818407),(3120859.96059336, 38392431.2091381),(3120861.10444389, 38392427.2914058),(3120859.31332373, 38392429.239255 ),(3120873.4559534, 38392434.27713)]
Demand = [0,98,175,355,286,400,258,412]
2. Customer = [(3120841.15394074, 38392434.4762674),(3120851.84295598, 38392434.0818407),(3120861.10444389, 38392427.2914058),(3120859.31332373, 38392429.239255 ),(3120873.28751832,38392428.383512),(3120866.69513108,38392409.6656264),(3120874.31602323,38392437.230949),(3120866.00322194,38392461.7062517),(3120863.67119793,38392474.4514019),(3120865.96774156,38392465.6339971)]
 Demand = [0,108,105,305,277,271,336,230,223,145]
 3.  Customer = [(3120841.15394074, 38392434.4762674),(3120861.10444389, 38392427.2914058),(3120866.00322194,38392461.7062517),(3120863.67119793,38392474.4514019),(3120865.96774156,38392465.6339971),(3120864.64658099,38392464.6400464),(3120879.60055468,38392465.757144),(3120882.41580251,38392460.8724989),(3120879.47197905,38392467.7200132),(3120883.34677014,38392480.521209),(3120892.58162374,38392476.6765607),(3120895.95104663,38392471.7969244),(3120892.21810531,38392467.8351488),(3120904.99524235,38392476.788684)]
Demand = [0,288,305,323,187,169,225,360,172,226,269,210,227,189]
4.Customer = [(3120841.15394074, 38392434.4762674),(3120861.10444389, 38392427.2914058),(3120866.00322194,38392461.7062517),(3120863.67119793,38392474.4514019),(3120865.96774156,38392465.6339971),(3120864.64658099,38392464.6400464),(3120879.60055468,38392465.757144),(3120882.41580251,38392460.8724989),(3120879.47197905,38392467.7200132),(3120883.34677014,38392480.521209),(3120892.58162374,38392476.6765607)]
Demand = [0,323,224,235,200,120,189,309,250,136,312]
5. Customer = [(3120841.15394074, 38392434.4762674),(3120861.10444389, 38392427.2914058),(3120866.00322194,38392461.7062517),(3120863.67119793,38392474.4514019),(3120865.96774156,38392465.6339971),(3120864.64658099,38392464.6400464),(3120879.60055468,38392465.757144),(3120882.41580251,38392460.8724989),(3120879.47197905,38392467.7200132),(3120883.34677014,38392480.521209),(3120892.58162374,38392476.6765607),(3120895.95104663,38392471.7969244),(3120892.21810531,38392467.8351488),(3120904.99524235,38392476.788684),(3120865.96774156,38392465.6339971),(3120864.64658099,38392464.6400464)]
Demand = [0,250,230,180,233,128,261,245,112,330,300,190,160,280,168,212]
6. Customer = [(3120841.15394074, 38392434.4762674),(3120861.10444389, 38392427.2914058),(3120866.00322194,38392461.7062517),(3120863.67119793,38392474.4514019),(3120865.96774156,38392465.6339971),(3120864.64658099,38392464.6400464),(3120879.60055468,38392465.757144),(3120882.41580251,38392460.8724989),(3120879.47197905,38392467.7200132),(3120883.34677014,38392480.521209),(3120892.58162374,38392476.6765607),(3120895.95104663,38392471.7969244)]
       Demand = [0,50,270,300,103,118,201,215,252,300,210,250]
7.Customer = [(3120841.15394074, 38392434.4762674),(3120866.00322194,38392461.7062517),(3120863.67119793,38392474.4514019),(3120865.96774156,38392465.6339971),(3120864.64658099,38392464.6400464),(3120882.41580251,38392460.8724989),(3120879.47197905,38392467.7200132),(3120883.34677014,38392480.521209),(3120892.58162374,38392476.6765607),(3120895.95104663,38392471.7969244)]
Demand = [0,350,170,112,253,128,280,109,282,280]
8.Customer = [(3120841.15394074, 38392434.4762674),(3120866.00322194,38392461.7062517),(3120863.67119793,38392474.4514019),(3120864.64658099,38392464.6400464),(3120882.41580251,38392460.8724989),(3120879.47197905,38392467.7200132),(3120883.34677014,38392480.521209),(3120892.58162374,38392476.6765607),(3120895.95104663,38392471.7969244)]
        Demand = [0,250,160,350,120,241,189,252,240]
9.Customer = [(3120841.15394074, 38392434.4762674),(3120863.67119793,38392474.4514019),(3120864.64658099,38392464.6400464),(3120882.41580251,38392460.8724989),(3120879.47197905,38392467.7200132),(3120883.34677014,38392480.521209),(3120892.58162374,38392476.6765607),(3120895.95104663,38392471.7969244),(3120873.4559534, 38392434.27713)]
        Demand = [0,60,250,280,201,209,232,232,260]
10.Customer = [(3120841.15394074, 38392434.4762674),(3120863.67119793,38392474.4514019),(3120864.64658099,38392464.6400464),(3120882.41580251,38392460.8724989),(3120879.47197905,38392467.7200132),(3120883.34677014,38392480.521209),(3120892.58162374,38392476.6765607),(3120895.95104663,38392471.7969244),(3120873.4559534, 38392434.27713)]
       Demand = [0,260,231,80,204,209,222,202,360]
11.Customer = [(3120841.15394074, 38392434.4762674),(3120863.67119793,38392474.4514019),(3120864.64658099,38392464.6400464),(3120882.41580251,38392460.8724989),(3120879.47197905,38392467.7200132),(3120883.34677014,38392480.521209),(3120892.58162374,38392476.6765607),(3120895.95104663,38392471.7969244),(3120873.4559534, 38392434.27713),(3120861.10444389, 38392427.2914058)]
       Demand = [0,250,201,180,234,219,252,242,260,253]
12.Customer = [(3120841.15394074, 38392434.4762674),(3120863.67119793,38392474.4514019),(3120864.64658099,38392464.6400464),(3120882.41580251,38392460.8724989),(3120879.47197905,38392467.7200132),(3120883.34677014,38392480.521209),(3120892.58162374,38392476.6765607),(3120895.95104663,38392471.7969244),(3120873.4559534, 38392434.27713),(3120861.10444389, 38392427.2914058),(3120846.50508882, 38392435.9976457 )]
        Demand = [0,270,221,179,244,119,272,232,280,203,210]
13. Customer = [(3120841.15394074, 38392434.4762674),(3120863.67119793,38392474.4514019),(3120864.64658099,38392464.6400464),(3120882.41580251,38392460.8724989),(3120879.47197905,38392467.7200132),(3120883.34677014,38392480.521209),(3120892.58162374,38392476.6765607),(3120895.95104663,38392471.7969244),(3120873.4559534, 38392434.27713),(3120861.10444389, 38392427.2914058),(3120846.50508882, 38392435.9976457 )]
Demand = [0,260,281,169,244,210,252,282,210,209,218]
14.Customer = [(3120841.15394074, 38392434.4762674),(3120863.67119793,38392474.4514019),(3120864.64658099,38392464.6400464),(3120882.41580251,38392460.8724989),(3120879.47197905,38392467.7200132),(3120883.34677014,38392480.521209),(3120892.58162374,38392476.6765607),(3120895.95104663,38392471.7969244),(3120873.4559534, 38392434.27713),(3120861.10444389, 38392427.2914058),(3120846.50508882, 38392435.9976457),(3120882.41580251,38392460.8724989)]
       Demand = [0,257,271,159,255,200,232,272,212,229,207,259]
15.Customer = [(3120841.15394074, 38392434.4762674),(3120863.67119793,38392474.4514019),(3120864.64658099,38392464.6400464),(3120882.41580251,38392460.8724989),(3120879.47197905,38392467.7200132),(3120883.34677014,38392480.521209),(3120892.58162374,38392476.6765607),(3120895.95104663,38392471.7969244),(3120873.4559534, 38392434.27713),(3120861.10444389, 38392427.2914058),(3120846.50508882, 38392435.9976457),(3120882.41580251,38392460.8724989),(3120886.25070751,38392465.8172158)]
        Demand = [0,287,261,189,35,240,282,66,212,125,214,239,197]
16.Customer = [(3120841.15394074, 38392434.4762674),(3120863.67119793,38392474.4514019),(3120864.64658099,38392464.6400464),(3120882.41580251,38392460.8724989),(3120879.47197905,38392467.7200132),(3120883.34677014,38392480.521209),(3120892.58162374,38392476.6765607),(3120895.95104663,38392471.7969244),(3120873.4559534, 38392434.27713),(3120861.10444389, 38392427.2914058),(3120846.50508882, 38392435.9976457),(3120882.41580251,38392460.8724989),(3120886.25070751,38392465.8172158),(3120882.41580251,38392460.8724989)]
       Demand = [0,282,280,167,95,277,280,166,200,187,236,280,100,222]
17. Customer = [(3120841.15394074, 38392434.4762674),(3120863.67119793,38392474.4514019),(3120864.64658099,38392464.6400464),(3120882.41580251,38392460.8724989),(3120879.47197905,38392467.7200132),(3120883.34677014,38392480.521209),(3120892.58162374,38392476.6765607),(3120895.95104663,38392471.7969244),(3120873.4559534, 38392434.27713),(3120861.10444389, 38392427.2914058),(3120846.50508882, 38392435.9976457),(3120882.41580251,38392460.8724989),(3120886.25070751,38392465.8172158),(3120882.41580251,38392460.8724989),(3120879.47197905,38392467.7200132)]
Demand = [0,222,210,290,130,268,279,70,280,137,36,200,210,182,244]
18.Customer = [(3120841.15394074, 38392434.4762674),(3120863.67119793,38392474.4514019),(3120864.64658099,38392464.6400464),(3120882.41580251,38392460.8724989),(3120879.47197905,38392467.7200132),(3120883.34677014,38392480.521209),(3120892.58162374,38392476.6765607),(3120895.95104663,38392471.7969244),(3120873.4559534, 38392434.27713),(3120861.10444389, 38392427.2914058),(3120846.50508882, 38392435.9976457),(3120882.41580251,38392460.8724989),(3120886.25070751,38392465.8172158),(3120882.41580251,38392460.8724989),(3120879.47197905,38392467.7200132),(3120883.34677014,38392480.521209)]
      Demand = [0,270,230,229,199,278,209,180,230,178,336,200,210,182,187,258]
19.Customer = [(3120841.15394074, 38392434.4762674),(3120863.67119793,38392474.4514019),(3120864.64658099,38392464.6400464),(3120882.41580251,38392460.8724989),(3120879.47197905,38392467.7200132),(3120883.34677014,38392480.521209),(3120892.58162374,38392476.6765607),(3120895.95104663,38392471.7969244),(3120873.4559534, 38392434.27713),(3120895.95104663,38392471.7969244),(3120892.21810531,38392467.8351488),(3120904.99524235,38392476.788684),(3120877.16664568,38392452.9689558),(3120866.44667542,38392437.1598455),(3120880.21694246,38392434.3382207),(3120884.42434681,38392422.5920568)]
       Demand = [0,120,236,214,265,159,99,56,269,284,192,189,269,189,157,251,236]
20.Customer = [(3120841.15394074, 38392434.4762674),(3120863.67119793,38392474.4514019),(3120864.64658099,38392464.6400464),(3120882.41580251,38392460.8724989),(3120879.47197905,38392467.7200132),(3120883.34677014,38392480.521209),(3120892.58162374,38392476.6765607),(3120895.95104663,38392471.7969244),(3120873.4559534, 38392434.27713),(3120895.95104663,38392471.7969244),(3120892.21810531,38392467.8351488),(3120904.99524235,38392476.788684),(3120877.16664568,38392452.9689558),(3120866.44667542,38392437.1598455),(3120880.21694246,38392434.3382207),(3120884.42434681,38392422.5920568),(3120869.42186387,38392390.0499412),(3120859.19833355,38392392.903578)]
Demand = [0,190,206,204,165,259,109,150,249,234,192,159,240,130,177,260,246,302,222]
21.Customer = [(3120841.15394074, 38392434.4762674),(3120863.67119793,38392474.4514019),(3120864.64658099,38392464.6400464),(3120882.41580251,38392460.8724989),(3120879.47197905,38392467.7200132),(3120883.34677014,38392480.521209),(3120892.58162374,38392476.6765607),(3120895.95104663,38392471.7969244),(3120873.4559534, 38392434.27713),(3120895.95104663,38392471.7969244),(3120892.21810531,38392467.8351488),(3120904.99524235,38392476.788684),(3120877.16664568,38392452.9689558),(3120866.44667542,38392437.1598455),(3120880.21694246,38392434.3382207),(3120884.42434681,38392422.5920568),(3120869.42186387,38392390.0499412),(3120859.19833355,38392392.903578),(3120860.56819541,38392400.772098)]   
    Demand = [0,90,226,274,193,219,329,120,219,274,192,299,270,180,197,230,276,288,202,194]
22.Customer = [(3120841.15394074, 38392434.4762674),(3120874.83011993,38392503.0306468),(3120883.24997503,38392368.5706016),(3120809.42168544,38392258.8986903),(3120835.6067365,38392207.0886175),(3120789.53662559,38392129.0915741),(3120824.74936977,38392059.6871242),(3120787.40453834,38391997.4809603),(3120832.35379994,38391930.1292805),(3120780.35384864,38391846.1850299),(3120730.29176559,38391695.479561),(3120766.61024893,38391699.7380748),(3120750.30464917,38391627.9016035)]
       Demand = [0,20,26,94,103,129,249,120,249,254,172,259,260]